1e-05 0 8 2 2
1e-05 0.19635 8 2 2
1e-05 0.392699 8 2 2
1e-05 0.589049 8 2 2
1e-05 0.785398 8 2 2
1e-05 0.981748 8 2 2
1e-05 1.1781 8 2 2
1e-05 1.37445 8 2 2
1e-05 1.5708 8 2 2
1e-05 1.76715 8 2 2
1e-05 1.9635 8 2 2
1e-05 2.15984 8 2 2
1e-05 2.35619 8 2 2
1e-05 2.55254 8 2 2
1e-05 2.74889 8 2 2
1e-05 2.94524 8 2 2
1e-05 3.14159 8 2 2
1e-05 3.33794 8 2 2
1e-05 3.53429 8 2 2
1e-05 3.73064 8 2 2
1e-05 3.92699 8 2 2
1e-05 4.12334 8 2 2
1e-05 4.31969 8 2 2
1e-05 4.51604 8 2 2
1e-05 4.71239 8 2 2
1e-05 4.90874 8 2 2
1e-05 5.10509 8 2 2
1e-05 5.30144 8 2 2
1e-05 5.49779 8 2 2
1e-05 5.69414 8 2 2
1e-05 5.89049 8 2 2
1e-05 6.08684 8 2 2
1e-05 6.28319 8 2 2
0.19635 0 7.77164 1.99018 3.95894
0.19635 0.19635 7.77164 1.99018 3.95894
0.19635 0.392699 7.77164 1.99018 3.95894
0.19635 0.589049 7.77164 1.99018 3.95894
0.19635 0.785398 7.77164 1.99018 3.95894
0.19635 0.981748 7.77164 1.99018 3.95894
0.19635 1.1781 7.77164 1.99018 3.95894
0.19635 1.37445 7.77164 1.99018 3.95894
0.19635 1.5708 7.77164 1.99018 3.95894
0.19635 1.76715 7.77164 1.99018 3.95894
0.19635 1.9635 7.77164 1.99018 3.95894
0.19635 2.15984 7.77164 1.99018 3.95894
0.19635 2.35619 7.77164 1.99018 3.95894
0.19635 2.55254 7.77164 1.99018 3.95894
0.19635 2.74889 7.77164 1.99018 3.95894
0.19635 2.94524 7.77164 1.99018 3.95894
0.19635 3.14159 7.77164 1.99018 3.95894
0.19635 3.33794 7.77164 1.99018 3.95894
0.19635 3.53429 7.77164 1.99018 3.95894
0.19635 3.73064 7.77164 1.99018 3.95894
0.19635 3.92699 7.77164 1.99018 3.95894
0.19635 4.12334 7.77164 1.99018 3.95894
0.19635 4.31969 7.77164 1.99018 3.95894
0.19635 4.51604 7.77164 1.99018 3.95894
0.19635 4.71239 7.77164 1.99018 3.95894
0.19635 4.90874 7.77164 1.99018 3.95894
0.19635 5.10509 7.77164 1.99018 3.95894
0.19635 5.30144 7.77164 1.99018 3.95894
0.19635 5.49779 7.77164 1.99018 3.95894
0.19635 5.69414 7.77164 1.99018 3.95894
0.19635 5.89049 7.77164 1.99018 3.95894
0.19635 6.08684 7.77164 1.99018 3.95894
0.19635 6.28319 7.77164 1.99018 3.95894
0.392699 0 7.12132 1.95844 10.2258
0.392699 0.19635 7.12132 1.95844 10.2258
0.392699 0.392699 7.12132 1.95844 10.2258
0.392699 0.589049 7.12132 1.95844 10.2258
0.392699 0.785398 7.12132 1.95844 10.2258
0.392699 0.981748 7.12132 1.95844 10.2258
0.392699 1.1781 7.12132 1.95844 10.2258
0.392699 1.37445 7.12132 1.95844 10.2258
0.392699 1.5708 7.12132 1.95844 10.2258
0.392699 1.76715 7.12132 1.95844 10.2258
0.392699 1.9635 7.12132 1.95844 10.2258
0.392699 2.15984 7.12132 1.95844 10.2258
0.392699 2.35619 7.12132 1.95844 10.2258
0.392699 2.55254 7.12132 1.95844 10.2258
0.392699 2.74889 7.12132 1.95844 10.2258
0.392699 2.94524 7.12132 1.95844 10.2258
0.392699 3.14159 7.12132 1.95844 10.2258
0.392699 3.33794 7.12132 1.95844 10.2258
0.392699 3.53429 7.12132 1.95844 10.2258
0.392699 3.73064 7.12132 1.95844 10.2258
0.392699 3.92699 7.12132 1.95844 10.2258
0.392699 4.12334 7.12132 1.95844 10.2258
0.392699 4.31969 7.12132 1.95844 10.2258
0.392699 4.51604 7.12132 1.95844 10.2258
0.392699 4.71239 7.12132 1.95844 10.2258
0.392699 4.90874 7.12132 1.95844 10.2258
0.392699 5.10509 7.12132 1.95844 10.2258
0.392699 5.30144 7.12132 1.95844 10.2258
0.392699 5.49779 7.12132 1.95844 10.2258
0.392699 5.69414 7.12132 1.95844 10.2258
0.392699 5.89049 7.12132 1.95844 10.2258
0.392699 6.08684 7.12132 1.95844 10.2258
0.392699 6.28319 7.12132 1.95844 10.2258
0.589049 0 6.14805 1.89694 22.0817
0.589049 0.19635 6.14805 1.89694 22.0817
0.589049 0.392699 6.14805 1.89694 22.0817
0.589049 0.589049 6.14805 1.89694 22.0817
0.589049 0.785398 6.14805 1.89694 22.0817
0.589049 0.981748 6.14805 1.89694 22.0817
0.589049 1.1781 6.14805 1.89694 22.0817
0.589049 1.37445 6.14805 1.89694 22.0817
0.589049 1.5708 6.14805 1.89694 22.0817
0.589049 1.76715 6.14805 1.89694 22.0817
0.589049 1.9635 6.14805 1.89694 22.0817
0.589049 2.15984 6.14805 1.89694 22.0817
0.589049 2.35619 6.14805 1.89694 22.0817
0.589049 2.55254 6.14805 1.89694 22.0817
0.589049 2.74889 6.14805 1.89694 22.0817
0.589049 2.94524 6.14805 1.89694 22.0817
0.589049 3.14159 6.14805 1.89694 22.0817
0.589049 3.33794 6.14805 1.89694 22.0817
0.589049 3.53429 6.14805 1.89694 22.0817
0.589049 3.73064 6.14805 1.89694 22.0817
0.589049 3.92699 6.14805 1.89694 22.0817
0.589049 4.12334 6.14805 1.89694 22.0817
0.589049 4.31969 6.14805 1.89694 22.0817
0.589049 4.51604 6.14805 1.89694 22.0817
0.589049 4.71239 6.14805 1.89694 22.0817
0.589049 4.90874 6.14805 1.89694 22.0817
0.589049 5.10509 6.14805 1.89694 22.0817
0.589049 5.30144 6.14805 1.89694 22.0817
0.589049 5.49779 6.14805 1.89694 22.0817
0.589049 5.69414 6.14805 1.89694 22.0817
0.589049 5.89049 6.14805 1.89694 22.0817
0.589049 6.08684 6.14805 1.89694 22.0817
0.589049 6.28319 6.14805 1.89694 22.0817
0.785398 0 5 1.78885 42
0.785398 0.19635 5 1.78885 42
0.785398 0.392699 5 1.78885 42
0.785398 0.589049 5 1.78885 42
0.785398 0.785398 5 1.78885 42
0.785398 0.981748 5 1.78885 42
0.785398 1.1781 5 1.78885 42
0.785398 1.37445 5 1.78885 42
0.785398 1.5708 5 1.78885 42
0.785398 1.76715 5 1.78885 42
0.785398 1.9635 5 1.78885 42
0.785398 2.15984 5 1.78885 42
0.785398 2.35619 5 1.78885 42
0.785398 2.55254 5 1.78885 42
0.785398 2.74889 5 1.78885 42
0.785398 2.94524 5 1.78885 42
0.785398 3.14159 5 1.78885 42
0.785398 3.33794 5 1.78885 42
0.785398 3.53429 5 1.78885 42
0.785398 3.73064 5 1.78885 42
0.785398 3.92699 5 1.78885 42
0.785398 4.12334 5 1.78885 42
0.785398 4.31969 5 1.78885 42
0.785398 4.51604 5 1.78885 42
0.785398 4.71239 5 1.78885 42
0.785398 4.90874 5 1.78885 42
0.785398 5.10509 5 1.78885 42
0.785398 5.30144 5 1.78885 42
0.785398 5.49779 5 1.78885 42
0.785398 5.69414 5 1.78885 42
0.785398 5.89049 5 1.78885 42
0.785398 6.08684 5 1.78885 42
0.785398 6.28319 5 1.78885 42
0.981748 0 3.85195 1.6013 73.7914
0.981748 0.19635 3.85195 1.6013 73.7914
0.981748 0.392699 3.85195 1.6013 73.7914
0.981748 0.589049 3.85195 1.6013 73.7914
0.981748 0.785398 3.85195 1.6013 73.7914
0.981748 0.981748 3.85195 1.6013 73.7914
0.981748 1.1781 3.85195 1.6013 73.7914
0.981748 1.37445 3.85195 1.6013 73.7914
0.981748 1.5708 3.85195 1.6013 73.7914
0.981748 1.76715 3.85195 1.6013 73.7914
0.981748 1.9635 3.85195 1.6013 73.7914
0.981748 2.15984 3.85195 1.6013 73.7914
0.981748 2.35619 3.85195 1.6013 73.7914
0.981748 2.55254 3.85195 1.6013 73.7914
0.981748 2.74889 3.85195 1.6013 73.7914
0.981748 2.94524 3.85195 1.6013 73.7914
0.981748 3.14159 3.85195 1.6013 73.7914
0.981748 3.33794 3.85195 1.6013 73.7914
0.981748 3.53429 3.85195 1.6013 73.7914
0.981748 3.73064 3.85195 1.6013 73.7914
0.981748 3.92699 3.85195 1.6013 73.7914
0.981748 4.12334 3.85195 1.6013 73.7914
0.981748 4.31969 3.85195 1.6013 73.7914
0.981748 4.51604 3.85195 1.6013 73.7914
0.981748 4.71239 3.85195 1.6013 73.7914
0.981748 4.90874 3.85195 1.6013 73.7914
0.981748 5.10509 3.85195 1.6013 73.7914
0.981748 5.30144 3.85195 1.6013 73.7914
0.981748 5.49779 3.85195 1.6013 73.7914
0.981748 5.69414 3.85195 1.6013 73.7914
0.981748 5.89049 3.85195 1.6013 73.7914
0.981748 6.08684 3.85195 1.6013 73.7914
0.981748 6.28319 3.85195 1.6013 73.7914
1.1781 0 2.87867 1.2759 120.604
1.1781 0.19635 2.87867 1.2759 120.604
1.1781 0.392699 2.87867 1.2759 120.604
1.1781 0.589049 2.87867 1.2759 120.604
1.1781 0.785398 2.87867 1.2759 120.604
1.1781 0.981748 2.87867 1.2759 120.604
1.1781 1.1781 2.87867 1.2759 120.604
1.1781 1.37445 2.87867 1.2759 120.604
1.1781 1.5708 2.87867 1.2759 120.604
1.1781 1.76715 2.87867 1.2759 120.604
1.1781 1.9635 2.87867 1.2759 120.604
1.1781 2.15984 2.87867 1.2759 120.604
1.1781 2.35619 2.87867 1.2759 120.604
1.1781 2.55254 2.87867 1.2759 120.604
1.1781 2.74889 2.87867 1.2759 120.604
1.1781 2.94524 2.87867 1.2759 120.604
1.1781 3.14159 2.87867 1.2759 120.604
1.1781 3.33794 2.87867 1.2759 120.604
1.1781 3.53429 2.87867 1.2759 120.604
1.1781 3.73064 2.87867 1.2759 120.604
1.1781 3.92699 2.87867 1.2759 120.604
1.1781 4.12334 2.87867 1.2759 120.604
1.1781 4.31969 2.87867 1.2759 120.604
1.1781 4.51604 2.87867 1.2759 120.604
1.1781 4.71239 2.87867 1.2759 120.604
1.1781 4.90874 2.87867 1.2759 120.604
1.1781 5.10509 2.87867 1.2759 120.604
1.1781 5.30144 2.87867 1.2759 120.604
1.1781 5.49779 2.87867 1.2759 120.604
1.1781 5.69414 2.87867 1.2759 120.604
1.1781 5.89049 2.87867 1.2759 120.604
1.1781 6.08684 2.87867 1.2759 120.604
1.1781 6.28319 2.87867 1.2759 120.604
1.37445 0 2.22835 0.739285 174.673
1.37445 0.19635 2.22835 0.739285 174.673
1.37445 0.392699 2.22835 0.739285 174.673
1.37445 0.589049 2.22835 0.739285 174.673
1.37445 0.785398 2.22835 0.739285 174.673
1.37445 0.981748 2.22835 0.739285 174.673
1.37445 1.1781 2.22835 0.739285 174.673
1.37445 1.37445 2.22835 0.739285 174.673
1.37445 1.5708 2.22835 0.739285 174.673
1.37445 1.76715 2.22835 0.739285 174.673
1.37445 1.9635 2.22835 0.739285 174.673
1.37445 2.15984 2.22835 0.739285 174.673
1.37445 2.35619 2.22835 0.739285 174.673
1.37445 2.55254 2.22835 0.739285 174.673
1.37445 2.74889 2.22835 0.739285 174.673
1.37445 2.94524 2.22835 0.739285 174.673
1.37445 3.14159 2.22835 0.739285 174.673
1.37445 3.33794 2.22835 0.739285 174.673
1.37445 3.53429 2.22835 0.739285 174.673
1.37445 3.73064 2.22835 0.739285 174.673
1.37445 3.92699 2.22835 0.739285 174.673
1.37445 4.12334 2.22835 0.739285 174.673
1.37445 4.31969 2.22835 0.739285 174.673
1.37445 4.51604 2.22835 0.739285 174.673
1.37445 4.71239 2.22835 0.739285 174.673
1.37445 4.90874 2.22835 0.739285 174.673
1.37445 5.10509 2.22835 0.739285 174.673
1.37445 5.30144 2.22835 0.739285 174.673
1.37445 5.49779 2.22835 0.739285 174.673
1.37445 5.69414 2.22835 0.739285 174.673
1.37445 5.89049 2.22835 0.739285 174.673
1.37445 6.08684 2.22835 0.739285 174.673
1.37445 6.28319 2.22835 0.739285 174.673
1.5708 0 2 -1.46928e-05 202
1.5708 0.19635 2 -1.46928e-05 202
1.5708 0.392699 2 -1.46928e-05 202
1.5708 0.589049 2 -1.46928e-05 202
1.5708 0.785398 2 -1.46928e-05 202
1.5708 0.981748 2 -1.46928e-05 202
1.5708 1.1781 2 -1.46928e-05 202
1.5708 1.37445 2 -1.46928e-05 202
1.5708 1.5708 2 -1.46928e-05 202
1.5708 1.76715 2 -1.46928e-05 202
1.5708 1.9635 2 -1.46928e-05 202
1.5708 2.15984 2 -1.46928e-05 202
1.5708 2.35619 2 -1.46928e-05 202
1.5708 2.55254 2 -1.46928e-05 202
1.5708 2.74889 2 -1.46928e-05 202
1.5708 2.94524 2 -1.46928e-05 202
1.5708 3.14159 2 -1.46928e-05 202
1.5708 3.33794 2 -1.46928e-05 202
1.5708 3.53429 2 -1.46928e-05 202
1.5708 3.73064 2 -1.46928e-05 202
1.5708 3.92699 2 -1.46928e-05 202
1.5708 4.12334 2 -1.46928e-05 202
1.5708 4.31969 2 -1.46928e-05 202
1.5708 4.51604 2 -1.46928e-05 202
1.5708 4.71239 2 -1.46928e-05 202
1.5708 4.90874 2 -1.46928e-05 202
1.5708 5.10509 2 -1.46928e-05 202
1.5708 5.30144 2 -1.46928e-05 202
1.5708 5.49779 2 -1.46928e-05 202
1.5708 5.69414 2 -1.46928e-05 202
1.5708 5.89049 2 -1.46928e-05 202
1.5708 6.08684 2 -1.46928e-05 202
1.5708 6.28319 2 -1.46928e-05 202
1.76715 0 2.22837 -0.739309 174.671
1.76715 0.19635 2.22837 -0.739309 174.671
1.76715 0.392699 2.22837 -0.739309 174.671
1.76715 0.589049 2.22837 -0.739309 174.671
1.76715 0.785398 2.22837 -0.739309 174.671
1.76715 0.981748 2.22837 -0.739309 174.671
1.76715 1.1781 2.22837 -0.739309 174.671
1.76715 1.37445 2.22837 -0.739309 174.671
1.76715 1.5708 2.22837 -0.739309 174.671
1.76715 1.76715 2.22837 -0.739309 174.671
1.76715 1.9635 2.22837 -0.739309 174.671
1.76715 2.15984 2.22837 -0.739309 174.671
1.76715 2.35619 2.22837 -0.739309 174.671
1.76715 2.55254 2.22837 -0.739309 174.671
1.76715 2.74889 2.22837 -0.739309 174.671
1.76715 2.94524 2.22837 -0.739309 174.671
1.76715 3.14159 2.22837 -0.739309 174.671
1.76715 3.33794 2.22837 -0.739309 174.671
1.76715 3.53429 2.22837 -0.739309 174.671
1.76715 3.73064 2.22837 -0.739309 174.671
1.76715 3.92699 2.22837 -0.739309 174.671
1.76715 4.12334 2.22837 -0.739309 174.671
1.76715 4.31969 2.22837 -0.739309 174.671
1.76715 4.51604 2.22837 -0.739309 174.671
1.76715 4.71239 2.22837 -0.739309 174.671
1.76715 4.90874 2.22837 -0.739309 174.671
1.76715 5.10509 2.22837 -0.739309 174.671
1.76715 5.30144 2.22837 -0.739309 174.671
1.76715 5.49779 2.22837 -0.739309 174.671
1.76715 5.69414 2.22837 -0.739309 174.671
1.76715 5.89049 2.22837 -0.739309 174.671
1.76715 6.08684 2.22837 -0.739309 174.671
1.76715 6.28319 2.22837 -0.739309 174.671
1.9635 0 2.8787 -1.27591 120.602
1.9635 0.19635 2.8787 -1.27591 120.602
1.9635 0.392699 2.8787 -1.27591 120.602
1.9635 0.589049 2.8787 -1.27591 120.602
1.9635 0.785398 2.8787 -1.27591 120.602
1.9635 0.981748 2.8787 -1.27591 120.602
1.9635 1.1781 2.8787 -1.27591 120.602
1.9635 1.37445 2.8787 -1.27591 120.602
1.9635 1.5708 2.8787 -1.27591 120.602
1.9635 1.76715 2.8787 -1.27591 120.602
1.9635 1.9635 2.8787 -1.27591 120.602
1.9635 2.15984 2.8787 -1.27591 120.602
1.9635 2.35619 2.8787 -1.27591 120.602
1.9635 2.55254 2.8787 -1.27591 120.602
1.9635 2.74889 2.8787 -1.27591 120.602
1.9635 2.94524 2.8787 -1.27591 120.602
1.9635 3.14159 2.8787 -1.27591 120.602
1.9635 3.33794 2.8787 -1.27591 120.602
1.9635 3.53429 2.8787 -1.27591 120.602
1.9635 3.73064 2.8787 -1.27591 120.602
1.9635 3.92699 2.8787 -1.27591 120.602
1.9635 4.12334 2.8787 -1.27591 120.602
1.9635 4.31969 2.8787 -1.27591 120.602
1.9635 4.51604 2.8787 -1.27591 120.602
1.9635 4.71239 2.8787 -1.27591 120.602
1.9635 4.90874 2.8787 -1.27591 120.602
1.9635 5.10509 2.8787 -1.27591 120.602
1.9635 5.30144 2.8787 -1.27591 120.602
1.9635 5.49779 2.8787 -1.27591 120.602
1.9635 5.69414 2.8787 -1.27591 120.602
1.9635 5.89049 2.8787 -1.27591 120.602
1.9635 6.08684 2.8787 -1.27591 120.602
1.9635 6.28319 2.8787 -1.27591 120.602
2.15984 0 3.85192 -1.6013 73.7923
2.15984 0.19635 3.85192 -1.6013 73.7923
2.15984 0.392699 3.85192 -1.6013 73.7923
2.15984 0.589049 3.85192 -1.6013 73.7923
2.15984 0.785398 3.85192 -1.6013 73.7923
2.15984 0.981748 3.85192 -1.6013 73.7923
2.15984 1.1781 3.85192 -1.6013 73.7923
2.15984 1.37445 3.85192 -1.6013 73.7923
2.15984 1.5708 3.85192 -1.6013 73.7923
2.15984 1.76715 3.85192 -1.6013 73.7923
2.15984 1.9635 3.85192 -1.6013 73.7923
2.15984 2.15984 3.85192 -1.6013 73.7923
2.15984 2.35619 3.85192 -1.6013 73.7923
2.15984 2.55254 3.85192 -1.6013 73.7923
2.15984 2.74889 3.85192 -1.6013 73.7923
2.15984 2.94524 3.85192 -1.6013 73.7923
2.15984 3.14159 3.85192 -1.6013 73.7923
2.15984 3.33794 3.85192 -1.6013 73.7923
2.15984 3.53429 3.85192 -1.6013 73.7923
2.15984 3.73064 3.85192 -1.6013 73.7923
2.15984 3.92699 3.85192 -1.6013 73.7923
2.15984 4.12334 3.85192 -1.6013 73.7923
2.15984 4.31969 3.85192 -1.6013 73.7923
2.15984 4.51604 3.85192 -1.6013 73.7923
2.15984 4.71239 3.85192 -1.6013 73.7923
2.15984 4.90874 3.85192 -1.6013 73.7923
2.15984 5.10509 3.85192 -1.6013 73.7923
2.15984 5.30144 3.85192 -1.6013 73.7923
2.15984 5.49779 3.85192 -1.6013 73.7923
2.15984 5.69414 3.85192 -1.6013 73.7923
2.15984 5.89049 3.85192 -1.6013 73.7923
2.15984 6.08684 3.85192 -1.6013 73.7923
2.15984 6.28319 3.85192 -1.6013 73.7923
2.35619 0 4.99997 -1.78885 42.0006
2.35619 0.19635 4.99997 -1.78885 42.0006
2.35619 0.392699 4.99997 -1.78885 42.0006
2.35619 0.589049 4.99997 -1.78885 42.0006
2.35619 0.785398 4.99997 -1.78885 42.0006
2.35619 0.981748 4.99997 -1.78885 42.0006
2.35619 1.1781 4.99997 -1.78885 42.0006
2.35619 1.37445 4.99997 -1.78885 42.0006
2.35619 1.5708 4.99997 -1.78885 42.0006
2.35619 1.76715 4.99997 -1.78885 42.0006
2.35619 1.9635 4.99997 -1.78885 42.0006
2.35619 2.15984 4.99997 -1.78885 42.0006
2.35619 2.35619 4.99997 -1.78885 42.0006
2.35619 2.55254 4.99997 -1.78885 42.0006
2.35619 2.74889 4.99997 -1.78885 42.0006
2.35619 2.94524 4.99997 -1.78885 42.0006
2.35619 3.14159 4.99997 -1.78885 42.0006
2.35619 3.33794 4.99997 -1.78885 42.0006
2.35619 3.53429 4.99997 -1.78885 42.0006
2.35619 3.73064 4.99997 -1.78885 42.0006
2.35619 3.92699 4.99997 -1.78885 42.0006
2.35619 4.12334 4.99997 -1.78885 42.0006
2.35619 4.31969 4.99997 -1.78885 42.0006
2.35619 4.51604 4.99997 -1.78885 42.0006
2.35619 4.71239 4.99997 -1.78885 42.0006
2.35619 4.90874 4.99997 -1.78885 42.0006
2.35619 5.10509 4.99997 -1.78885 42.0006
2.35619 5.30144 4.99997 -1.78885 42.0006
2.35619 5.49779 4.99997 -1.78885 42.0006
2.35619 5.69414 4.99997 -1.78885 42.0006
2.35619 5.89049 4.99997 -1.78885 42.0006
2.35619 6.08684 4.99997 -1.78885 42.0006
2.35619 6.28319 4.99997 -1.78885 42.0006
2.55254 0 6.14803 -1.89693 22.082
2.55254 0.19635 6.14803 -1.89693 22.082
2.55254 0.392699 6.14803 -1.89693 22.082
2.55254 0.589049 6.14803 -1.89693 22.082
2.55254 0.785398 6.14803 -1.89693 22.082
2.55254 0.981748 6.14803 -1.89693 22.082
2.55254 1.1781 6.14803 -1.89693 22.082
2.55254 1.37445 6.14803 -1.89693 22.082
2.55254 1.5708 6.14803 -1.89693 22.082
2.55254 1.76715 6.14803 -1.89693 22.082
2.55254 1.9635 6.14803 -1.89693 22.082
2.55254 2.15984 6.14803 -1.89693 22.082
2.55254 2.35619 6.14803 -1.89693 22.082
2.55254 2.55254 6.14803 -1.89693 22.082
2.55254 2.74889 6.14803 -1.89693 22.082
2.55254 2.94524 6.14803 -1.89693 22.082
2.55254 3.14159 6.14803 -1.89693 22.082
2.55254 3.33794 6.14803 -1.89693 22.082
2.55254 3.53429 6.14803 -1.89693 22.082
2.55254 3.73064 6.14803 -1.89693 22.082
2.55254 3.92699 6.14803 -1.89693 22.082
2.55254 4.12334 6.14803 -1.89693 22.082
2.55254 4.31969 6.14803 -1.89693 22.082
2.55254 4.51604 6.14803 -1.89693 22.082
2.55254 4.71239 6.14803 -1.89693 22.082
2.55254 4.90874 6.14803 -1.89693 22.082
2.55254 5.10509 6.14803 -1.89693 22.082
2.55254 5.30144 6.14803 -1.89693 22.082
2.55254 5.49779 6.14803 -1.89693 22.082
2.55254 5.69414 6.14803 -1.89693 22.082
2.55254 5.89049 6.14803 -1.89693 22.082
2.55254 6.08684 6.14803 -1.89693 22.082
2.55254 6.28319 6.14803 -1.89693 22.082
2.74889 0 7.12131 -1.95844 10.226
2.74889 0.19635 7.12131 -1.95844 10.226
2.74889 0.392699 7.12131 -1.95844 10.226
2.74889 0.589049 7.12131 -1.95844 10.226
2.74889 0.785398 7.12131 -1.95844 10.226
2.74889 0.981748 7.12131 -1.95844 10.226
2.74889 1.1781 7.12131 -1.95844 10.226
2.74889 1.37445 7.12131 -1.95844 10.226
2.74889 1.5708 7.12131 -1.95844 10.226
2.74889 1.76715 7.12131 -1.95844 10.226
2.74889 1.9635 7.12131 -1.95844 10.226
2.74889 2.15984 7.12131 -1.95844 10.226
2.74889 2.35619 7.12131 -1.95844 10.226
2.74889 2.55254 7.12131 -1.95844 10.226
2.74889 2.74889 7.12131 -1.95844 10.226
2.74889 2.94524 7.12131 -1.95844 10.226
2.74889 3.14159 7.12131 -1.95844 10.226
2.74889 3.33794 7.12131 -1.95844 10.226
2.74889 3.53429 7.12131 -1.95844 10.226
2.74889 3.73064 7.12131 -1.95844 10.226
2.74889 3.92699 7.12131 -1.95844 10.226
2.74889 4.12334 7.12131 -1.95844 10.226
2.74889 4.31969 7.12131 -1.95844 10.226
2.74889 4.51604 7.12131 -1.95844 10.226
2.74889 4.71239 7.12131 -1.95844 10.226
2.74889 4.90874 7.12131 -1.95844 10.226
2.74889 5.10509 7.12131 -1.95844 10.226
2.74889 5.30144 7.12131 -1.95844 10.226
2.74889 5.49779 7.12131 -1.95844 10.226
2.74889 5.69414 7.12131 -1.95844 10.226
2.74889 5.89049 7.12131 -1.95844 10.226
2.74889 6.08684 7.12131 -1.95844 10.226
2.74889 6.28319 7.12131 -1.95844 10.226
2.94524 0 7.77163 -1.99018 3.95899
2.94524 0.19635 7.77163 -1.99018 3.95899
2.94524 0.392699 7.77163 -1.99018 3.95899
2.94524 0.589049 7.77163 -1.99018 3.95899
2.94524 0.785398 7.77163 -1.99018 3.95899
2.94524 0.981748 7.77163 -1.99018 3.95899
2.94524 1.1781 7.77163 -1.99018 3.95899
2.94524 1.37445 7.77163 -1.99018 3.95899
2.94524 1.5708 7.77163 -1.99018 3.95899
2.94524 1.76715 7.77163 -1.99018 3.95899
2.94524 1.9635 7.77163 -1.99018 3.95899
2.94524 2.15984 7.77163 -1.99018 3.95899
2.94524 2.35619 7.77163 -1.99018 3.95899
2.94524 2.55254 7.77163 -1.99018 3.95899
2.94524 2.74889 7.77163 -1.99018 3.95899
2.94524 2.94524 7.77163 -1.99018 3.95899
2.94524 3.14159 7.77163 -1.99018 3.95899
2.94524 3.33794 7.77163 -1.99018 3.95899
2.94524 3.53429 7.77163 -1.99018 3.95899
2.94524 3.73064 7.77163 -1.99018 3.95899
2.94524 3.92699 7.77163 -1.99018 3.95899
2.94524 4.12334 7.77163 -1.99018 3.95899
2.94524 4.31969 7.77163 -1.99018 3.95899
2.94524 4.51604 7.77163 -1.99018 3.95899
2.94524 4.71239 7.77163 -1.99018 3.95899
2.94524 4.90874 7.77163 -1.99018 3.95899
2.94524 5.10509 7.77163 -1.99018 3.95899
2.94524 5.30144 7.77163 -1.99018 3.95899
2.94524 5.49779 7.77163 -1.99018 3.95899
2.94524 5.69414 7.77163 -1.99018 3.95899
2.94524 5.89049 7.77163 -1.99018 3.95899
2.94524 6.08684 7.77163 -1.99018 3.95899
2.94524 6.28319 7.77163 -1.99018 3.95899
3.14158 0 8 -2 2
3.14158 0.19635 8 -2 2
3.14158 0.392699 8 -2 2
3.14158 0.589049 8 -2 2
3.14158 0.785398 8 -2 2
3.14158 0.981748 8 -2 2
3.14158 1.1781 8 -2 2
3.14158 1.37445 8 -2 2
3.14158 1.5708 8 -2 2
3.14158 1.76715 8 -2 2
3.14158 1.9635 8 -2 2
3.14158 2.15984 8 -2 2
3.14158 2.35619 8 -2 2
3.14158 2.55254 8 -2 2
3.14158 2.74889 8 -2 2
3.14158 2.94524 8 -2 2
3.14158 3.14159 8 -2 2
3.14158 3.33794 8 -2 2
3.14158 3.53429 8 -2 2
3.14158 3.73064 8 -2 2
3.14158 3.92699 8 -2 2
3.14158 4.12334 8 -2 2
3.14158 4.31969 8 -2 2
3.14158 4.51604 8 -2 2
3.14158 4.71239 8 -2 2
3.14158 4.90874 8 -2 2
3.14158 5.10509 8 -2 2
3.14158 5.30144 8 -2 2
3.14158 5.49779 8 -2 2
3.14158 5.69414 8 -2 2
3.14158 5.89049 8 -2 2
3.14158 6.08684 8 -2 2
3.14158 6.28319 8 -2 2
