0 0 0 0 0 0
0 0 0 0 0 0
0 0 0 0 0 0
0 0 0 0 0 0
0 0 0 0 0 0
0 0 0 0 0 0
0 0 0 0 0 0
0 0 0 0 0 0
0 0 0 0 0 0
0 0 0 0 0 0
0 0 0 0 0 0
0 0 0 0 0 0
0 0 0 0 0 0
0 0 0 0 0 0
0 0 0 0 0 0
0 0 0 0 0 0
0 0 0 0 0 0
0 0 0 0 0 0
0 0 0 0 0 0
0 0 0 0 0 0
0 0 0 0 0 0
0 0 0 0 0 0
0 0 0 0 0 0
0 0 0 0 0 0
0 0 0 0 0 0
0 0 0 0 0 0
0 0 0 0 0 0
0 0 0 0 0 0
0 0 0 0 0 0
0 0 0 0 0 0
0 0 0 0 0 0
0 0 0 0 0 0
0 0 0 0 0 0
0.19577 0.0858668 0.0217522 0 0 0
0.19577 0.0858668 0.0217522 0 0 0
0.19577 0.0858668 0.0217522 0 0 0
0.19577 0.0858668 0.0217522 0 0 0
0.19577 0.0858668 0.0217522 0 0 0
0.19577 0.0858668 0.0217522 0 0 0
0.19577 0.0858668 0.0217522 0 0 0
0.19577 0.0858668 0.0217522 0 0 0
0.19577 0.0858668 0.0217522 0 0 0
0.19577 0.0858668 0.0217522 0 0 0
0.19577 0.0858668 0.0217522 0 0 0
0.19577 0.0858668 0.0217522 0 0 0
0.19577 0.0858668 0.0217522 0 0 0
0.19577 0.0858668 0.0217522 0 0 0
0.19577 0.0858668 0.0217522 0 0 0
0.19577 0.0858668 0.0217522 0 0 0
0.19577 0.0858668 0.0217522 0 0 0
0.19577 0.0858668 0.0217522 0 0 0
0.19577 0.0858668 0.0217522 0 0 0
0.19577 0.0858668 0.0217522 0 0 0
0.19577 0.0858668 0.0217522 0 0 0
0.19577 0.0858668 0.0217522 0 0 0
0.19577 0.0858668 0.0217522 0 0 0
0.19577 0.0858668 0.0217522 0 0 0
0.19577 0.0858668 0.0217522 0 0 0
0.19577 0.0858668 0.0217522 0 0 0
0.19577 0.0858668 0.0217522 0 0 0
0.19577 0.0858668 0.0217522 0 0 0
0.19577 0.0858668 0.0217522 0 0 0
0.19577 0.0858668 0.0217522 0 0 0
0.19577 0.0858668 0.0217522 0 0 0
0.19577 0.0858668 0.0217522 0 0 0
0.19577 0.0858668 0.0217522 0 0 0
0.46067 0.19737 0.0511855 0 0 0
0.46067 0.19737 0.0511855 0 0 0
0.46067 0.19737 0.0511855 0 0 0
0.46067 0.19737 0.0511855 0 0 0
0.46067 0.19737 0.0511855 0 0 0
0.46067 0.19737 0.0511855 0 0 0
0.46067 0.19737 0.0511855 0 0 0
0.46067 0.19737 0.0511855 0 0 0
0.46067 0.19737 0.0511855 0 0 0
0.46067 0.19737 0.0511855 0 0 0
0.46067 0.19737 0.0511855 0 0 0
0.46067 0.19737 0.0511855 0 0 0
0.46067 0.19737 0.0511855 0 0 0
0.46067 0.19737 0.0511855 0 0 0
0.46067 0.19737 0.0511855 0 0 0
0.46067 0.19737 0.0511855 0 0 0
0.46067 0.19737 0.0511855 0 0 0
0.46067 0.19737 0.0511855 0 0 0
0.46067 0.19737 0.0511855 0 0 0
0.46067 0.19737 0.0511855 0 0 0
0.46067 0.19737 0.0511855 0 0 0
0.46067 0.19737 0.0511855 0 0 0
0.46067 0.19737 0.0511855 0 0 0
0.46067 0.19737 0.0511855 0 0 0
0.46067 0.19737 0.0511855 0 0 0
0.46067 0.19737 0.0511855 0 0 0
0.46067 0.19737 0.0511855 0 0 0
0.46067 0.19737 0.0511855 0 0 0
0.46067 0.19737 0.0511855 0 0 0
0.46067 0.19737 0.0511855 0 0 0
0.46067 0.19737 0.0511855 0 0 0
0.46067 0.19737 0.0511855 0 0 0
0.46067 0.19737 0.0511855 0 0 0
0.922204 0.376398 0.102467 0 0 0
0.922204 0.376398 0.102467 0 0 0
0.922204 0.376398 0.102467 0 0 0
0.922204 0.376398 0.102467 0 0 0
0.922204 0.376398 0.102467 0 0 0
0.922204 0.376398 0.102467 0 0 0
0.922204 0.376398 0.102467 0 0 0
0.922204 0.376398 0.102467 0 0 0
0.922204 0.376398 0.102467 0 0 0
0.922204 0.376398 0.102467 0 0 0
0.922204 0.376398 0.102467 0 0 0
0.922204 0.376398 0.102467 0 0 0
0.922204 0.376398 0.102467 0 0 0
0.922204 0.376398 0.102467 0 0 0
0.922204 0.376398 0.102467 0 0 0
0.922204 0.376398 0.102467 0 0 0
0.922204 0.376398 0.102467 0 0 0
0.922204 0.376398 0.102467 0 0 0
0.922204 0.376398 0.102467 0 0 0
0.922204 0.376398 0.102467 0 0 0
0.922204 0.376398 0.102467 0 0 0
0.922204 0.376398 0.102467 0 0 0
0.922204 0.376398 0.102467 0 0 0
0.922204 0.376398 0.102467 0 0 0
0.922204 0.376398 0.102467 0 0 0
0.922204 0.376398 0.102467 0 0 0
0.922204 0.376398 0.102467 0 0 0
0.922204 0.376398 0.102467 0 0 0
0.922204 0.376398 0.102467 0 0 0
0.922204 0.376398 0.102467 0 0 0
0.922204 0.376398 0.102467 0 0 0
0.922204 0.376398 0.102467 0 0 0
0.922204 0.376398 0.102467 0 0 0
1.92461 0.713322 0.213845 0 0 0
1.92461 0.713322 0.213845 0 0 0
1.92461 0.713322 0.213845 0 0 0
1.92461 0.713322 0.213845 0 0 0
1.92461 0.713322 0.213845 0 0 0
1.92461 0.713322 0.213845 0 0 0
1.92461 0.713322 0.213845 0 0 0
1.92461 0.713322 0.213845 0 0 0
1.92461 0.713322 0.213845 0 0 0
1.92461 0.713322 0.213845 0 0 0
1.92461 0.713322 0.213845 0 0 0
1.92461 0.713322 0.213845 0 0 0
1.92461 0.713322 0.213845 0 0 0
1.92461 0.713322 0.213845 0 0 0
1.92461 0.713322 0.213845 0 0 0
1.92461 0.713322 0.213845 0 0 0
1.92461 0.713322 0.213845 0 0 0
1.92461 0.713322 0.213845 0 0 0
1.92461 0.713322 0.213845 0 0 0
1.92461 0.713322 0.213845 0 0 0
1.92461 0.713322 0.213845 0 0 0
1.92461 0.713322 0.213845 0 0 0
1.92461 0.713322 0.213845 0 0 0
1.92461 0.713322 0.213845 0 0 0
1.92461 0.713322 0.213845 0 0 0
1.92461 0.713322 0.213845 0 0 0
1.92461 0.713322 0.213845 0 0 0
1.92461 0.713322 0.213845 0 0 0
1.92461 0.713322 0.213845 0 0 0
1.92461 0.713322 0.213845 0 0 0
1.92461 0.713322 0.213845 0 0 0
1.92461 0.713322 0.213845 0 0 0
1.92461 0.713322 0.213845 0 0 0
4.71153 1.41277 0.523504 0 0 0
4.71153 1.41277 0.523504 0 0 0
4.71153 1.41277 0.523504 0 0 0
4.71153 1.41277 0.523504 0 0 0
4.71153 1.41277 0.523504 0 0 0
4.71153 1.41277 0.523504 0 0 0
4.71153 1.41277 0.523504 0 0 0
4.71153 1.41277 0.523504 0 0 0
4.71153 1.41277 0.523504 0 0 0
4.71153 1.41277 0.523504 0 0 0
4.71153 1.41277 0.523504 0 0 0
4.71153 1.41277 0.523504 0 0 0
4.71153 1.41277 0.523504 0 0 0
4.71153 1.41277 0.523504 0 0 0
4.71153 1.41277 0.523504 0 0 0
4.71153 1.41277 0.523504 0 0 0
4.71153 1.41277 0.523504 0 0 0
4.71153 1.41277 0.523504 0 0 0
4.71153 1.41277 0.523504 0 0 0
4.71153 1.41277 0.523504 0 0 0
4.71153 1.41277 0.523504 0 0 0
4.71153 1.41277 0.523504 0 0 0
4.71153 1.41277 0.523504 0 0 0
4.71153 1.41277 0.523504 0 0 0
4.71153 1.41277 0.523504 0 0 0
4.71153 1.41277 0.523504 0 0 0
4.71153 1.41277 0.523504 0 0 0
4.71153 1.41277 0.523504 0 0 0
4.71153 1.41277 0.523504 0 0 0
4.71153 1.41277 0.523504 0 0 0
4.71153 1.41277 0.523504 0 0 0
4.71153 1.41277 0.523504 0 0 0
4.71153 1.41277 0.523504 0 0 0
15.3175 2.41938 1.70194 0 0 0
15.3175 2.41938 1.70194 0 0 0
15.3175 2.41938 1.70194 0 0 0
15.3175 2.41938 1.70194 0 0 0
15.3175 2.41938 1.70194 0 0 0
15.3175 2.41938 1.70194 0 0 0
15.3175 2.41938 1.70194 0 0 0
15.3175 2.41938 1.70194 0 0 0
15.3175 2.41938 1.70194 0 0 0
15.3175 2.41938 1.70194 0 0 0
15.3175 2.41938 1.70194 0 0 0
15.3175 2.41938 1.70194 0 0 0
15.3175 2.41938 1.70194 0 0 0
15.3175 2.41938 1.70194 0 0 0
15.3175 2.41938 1.70194 0 0 0
15.3175 2.41938 1.70194 0 0 0
15.3175 2.41938 1.70194 0 0 0
15.3175 2.41938 1.70194 0 0 0
15.3175 2.41938 1.70194 0 0 0
15.3175 2.41938 1.70194 0 0 0
15.3175 2.41938 1.70194 0 0 0
15.3175 2.41938 1.70194 0 0 0
15.3175 2.41938 1.70194 0 0 0
15.3175 2.41938 1.70194 0 0 0
15.3175 2.41938 1.70194 0 0 0
15.3175 2.41938 1.70194 0 0 0
15.3175 2.41938 1.70194 0 0 0
15.3175 2.41938 1.70194 0 0 0
15.3175 2.41938 1.70194 0 0 0
15.3175 2.41938 1.70194 0 0 0
15.3175 2.41938 1.70194 0 0 0
15.3175 2.41938 1.70194 0 0 0
15.3175 2.41938 1.70194 0 0 0
40.0074 -6.96803 4.44527 0 0 0
40.0074 -6.96803 4.44527 0 0 0
40.0074 -6.96803 4.44527 0 0 0
40.0074 -6.96803 4.44527 0 0 0
40.0074 -6.96803 4.44527 0 0 0
40.0074 -6.96803 4.44527 0 0 0
40.0074 -6.96803 4.44527 0 0 0
40.0074 -6.96803 4.44527 0 0 0
40.0074 -6.96803 4.44527 0 0 0
40.0074 -6.96803 4.44527 0 0 0
40.0074 -6.96803 4.44527 0 0 0
40.0074 -6.96803 4.44527 0 0 0
40.0074 -6.96803 4.44527 0 0 0
40.0074 -6.96803 4.44527 0 0 0
40.0074 -6.96803 4.44527 0 0 0
40.0074 -6.96803 4.44527 0 0 0
40.0074 -6.96803 4.44527 0 0 0
40.0074 -6.96803 4.44527 0 0 0
40.0074 -6.96803 4.44527 0 0 0
40.0074 -6.96803 4.44527 0 0 0
40.0074 -6.96803 4.44527 0 0 0
40.0074 -6.96803 4.44527 0 0 0
40.0074 -6.96803 4.44527 0 0 0
40.0074 -6.96803 4.44527 0 0 0
40.0074 -6.96803 4.44527 0 0 0
40.0074 -6.96803 4.44527 0 0 0
40.0074 -6.96803 4.44527 0 0 0
40.0074 -6.96803 4.44527 0 0 0
40.0074 -6.96803 4.44527 0 0 0
40.0074 -6.96803 4.44527 0 0 0
40.0074 -6.96803 4.44527 0 0 0
40.0074 -6.96803 4.44527 0 0 0
40.0074 -6.96803 4.44527 0 0 0
-4.66329e-08 -16.8863 -5.18144e-09 0 0 0
-4.66329e-08 -16.8863 -5.18144e-09 0 0 0
-4.66329e-08 -16.8863 -5.18144e-09 0 0 0
-4.66329e-08 -16.8863 -5.18144e-09 0 0 0
-4.66329e-08 -16.8863 -5.18144e-09 0 0 0
-4.66329e-08 -16.8863 -5.18144e-09 0 0 0
-4.66329e-08 -16.8863 -5.18144e-09 0 0 0
-4.66329e-08 -16.8863 -5.18144e-09 0 0 0
-4.66329e-08 -16.8863 -5.18144e-09 0 0 0
-4.66329e-08 -16.8863 -5.18144e-09 0 0 0
-4.66329e-08 -16.8863 -5.18144e-09 0 0 0
-4.66329e-08 -16.8863 -5.18144e-09 0 0 0
-4.66329e-08 -16.8863 -5.18144e-09 0 0 0
-4.66329e-08 -16.8863 -5.18144e-09 0 0 0
-4.66329e-08 -16.8863 -5.18144e-09 0 0 0
-4.66329e-08 -16.8863 -5.18144e-09 0 0 0
-4.66329e-08 -16.8863 -5.18144e-09 0 0 0
-4.66329e-08 -16.8863 -5.18144e-09 0 0 0
-4.66329e-08 -16.8863 -5.18144e-09 0 0 0
-4.66329e-08 -16.8863 -5.18144e-09 0 0 0
-4.66329e-08 -16.8863 -5.18144e-09 0 0 0
-4.66329e-08 -16.8863 -5.18144e-09 0 0 0
-4.66329e-08 -16.8863 -5.18144e-09 0 0 0
-4.66329e-08 -16.8863 -5.18144e-09 0 0 0
-4.66329e-08 -16.8863 -5.18144e-09 0 0 0
-4.66329e-08 -16.8863 -5.18144e-09 0 0 0
-4.66329e-08 -16.8863 -5.18144e-09 0 0 0
-4.66329e-08 -16.8863 -5.18144e-09 0 0 0
-4.66329e-08 -16.8863 -5.18144e-09 0 0 0
-4.66329e-08 -16.8863 -5.18144e-09 0 0 0
-4.66329e-08 -16.8863 -5.18144e-09 0 0 0
-4.66329e-08 -16.8863 -5.18144e-09 0 0 0
-4.66329e-08 -16.8863 -5.18144e-09 0 0 0
-40.0074 -6.96803 -4.44527 0 0 0
-40.0074 -6.96803 -4.44527 0 0 0
-40.0074 -6.96803 -4.44527 0 0 0
-40.0074 -6.96803 -4.44527 0 0 0
-40.0074 -6.96803 -4.44527 0 0 0
-40.0074 -6.96803 -4.44527 0 0 0
-40.0074 -6.96803 -4.44527 0 0 0
-40.0074 -6.96803 -4.44527 0 0 0
-40.0074 -6.96803 -4.44527 0 0 0
-40.0074 -6.96803 -4.44527 0 0 0
-40.0074 -6.96803 -4.44527 0 0 0
-40.0074 -6.96803 -4.44527 0 0 0
-40.0074 -6.96803 -4.44527 0 0 0
-40.0074 -6.96803 -4.44527 0 0 0
-40.0074 -6.96803 -4.44527 0 0 0
-40.0074 -6.96803 -4.44527 0 0 0
-40.0074 -6.96803 -4.44527 0 0 0
-40.0074 -6.96803 -4.44527 0 0 0
-40.0074 -6.96803 -4.44527 0 0 0
-40.0074 -6.96803 -4.44527 0 0 0
-40.0074 -6.96803 -4.44527 0 0 0
-40.0074 -6.96803 -4.44527 0 0 0
-40.0074 -6.96803 -4.44527 0 0 0
-40.0074 -6.96803 -4.44527 0 0 0
-40.0074 -6.96803 -4.44527 0 0 0
-40.0074 -6.96803 -4.44527 0 0 0
-40.0074 -6.96803 -4.44527 0 0 0
-40.0074 -6.96803 -4.44527 0 0 0
-40.0074 -6.96803 -4.44527 0 0 0
-40.0074 -6.96803 -4.44527 0 0 0
-40.0074 -6.96803 -4.44527 0 0 0
-40.0074 -6.96803 -4.44527 0 0 0
-40.0074 -6.96803 -4.44527 0 0 0
-15.3175 2.41938 -1.70194 0 0 0
-15.3175 2.41938 -1.70194 0 0 0
-15.3175 2.41938 -1.70194 0 0 0
-15.3175 2.41938 -1.70194 0 0 0
-15.3175 2.41938 -1.70194 0 0 0
-15.3175 2.41938 -1.70194 0 0 0
-15.3175 2.41938 -1.70194 0 0 0
-15.3175 2.41938 -1.70194 0 0 0
-15.3175 2.41938 -1.70194 0 0 0
-15.3175 2.41938 -1.70194 0 0 0
-15.3175 2.41938 -1.70194 0 0 0
-15.3175 2.41938 -1.70194 0 0 0
-15.3175 2.41938 -1.70194 0 0 0
-15.3175 2.41938 -1.70194 0 0 0
-15.3175 2.41938 -1.70194 0 0 0
-15.3175 2.41938 -1.70194 0 0 0
-15.3175 2.41938 -1.70194 0 0 0
-15.3175 2.41938 -1.70194 0 0 0
-15.3175 2.41938 -1.70194 0 0 0
-15.3175 2.41938 -1.70194 0 0 0
-15.3175 2.41938 -1.70194 0 0 0
-15.3175 2.41938 -1.70194 0 0 0
-15.3175 2.41938 -1.70194 0 0 0
-15.3175 2.41938 -1.70194 0 0 0
-15.3175 2.41938 -1.70194 0 0 0
-15.3175 2.41938 -1.70194 0 0 0
-15.3175 2.41938 -1.70194 0 0 0
-15.3175 2.41938 -1.70194 0 0 0
-15.3175 2.41938 -1.70194 0 0 0
-15.3175 2.41938 -1.70194 0 0 0
-15.3175 2.41938 -1.70194 0 0 0
-15.3175 2.41938 -1.70194 0 0 0
-15.3175 2.41938 -1.70194 0 0 0
-4.71153 1.41277 -0.523504 0 0 0
-4.71153 1.41277 -0.523504 0 0 0
-4.71153 1.41277 -0.523504 0 0 0
-4.71153 1.41277 -0.523504 0 0 0
-4.71153 1.41277 -0.523504 0 0 0
-4.71153 1.41277 -0.523504 0 0 0
-4.71153 1.41277 -0.523504 0 0 0
-4.71153 1.41277 -0.523504 0 0 0
-4.71153 1.41277 -0.523504 0 0 0
-4.71153 1.41277 -0.523504 0 0 0
-4.71153 1.41277 -0.523504 0 0 0
-4.71153 1.41277 -0.523504 0 0 0
-4.71153 1.41277 -0.523504 0 0 0
-4.71153 1.41277 -0.523504 0 0 0
-4.71153 1.41277 -0.523504 0 0 0
-4.71153 1.41277 -0.523504 0 0 0
-4.71153 1.41277 -0.523504 0 0 0
-4.71153 1.41277 -0.523504 0 0 0
-4.71153 1.41277 -0.523504 0 0 0
-4.71153 1.41277 -0.523504 0 0 0
-4.71153 1.41277 -0.523504 0 0 0
-4.71153 1.41277 -0.523504 0 0 0
-4.71153 1.41277 -0.523504 0 0 0
-4.71153 1.41277 -0.523504 0 0 0
-4.71153 1.41277 -0.523504 0 0 0
-4.71153 1.41277 -0.523504 0 0 0
-4.71153 1.41277 -0.523504 0 0 0
-4.71153 1.41277 -0.523504 0 0 0
-4.71153 1.41277 -0.523504 0 0 0
-4.71153 1.41277 -0.523504 0 0 0
-4.71153 1.41277 -0.523504 0 0 0
-4.71153 1.41277 -0.523504 0 0 0
-4.71153 1.41277 -0.523504 0 0 0
-1.92461 0.713322 -0.213845 0 0 0
-1.92461 0.713322 -0.213845 0 0 0
-1.92461 0.713322 -0.213845 0 0 0
-1.92461 0.713322 -0.213845 0 0 0
-1.92461 0.713322 -0.213845 0 0 0
-1.92461 0.713322 -0.213845 0 0 0
-1.92461 0.713322 -0.213845 0 0 0
-1.92461 0.713322 -0.213845 0 0 0
-1.92461 0.713322 -0.213845 0 0 0
-1.92461 0.713322 -0.213845 0 0 0
-1.92461 0.713322 -0.213845 0 0 0
-1.92461 0.713322 -0.213845 0 0 0
-1.92461 0.713322 -0.213845 0 0 0
-1.92461 0.713322 -0.213845 0 0 0
-1.92461 0.713322 -0.213845 0 0 0
-1.92461 0.713322 -0.213845 0 0 0
-1.92461 0.713322 -0.213845 0 0 0
-1.92461 0.713322 -0.213845 0 0 0
-1.92461 0.713322 -0.213845 0 0 0
-1.92461 0.713322 -0.213845 0 0 0
-1.92461 0.713322 -0.213845 0 0 0
-1.92461 0.713322 -0.213845 0 0 0
-1.92461 0.713322 -0.213845 0 0 0
-1.92461 0.713322 -0.213845 0 0 0
-1.92461 0.713322 -0.213845 0 0 0
-1.92461 0.713322 -0.213845 0 0 0
-1.92461 0.713322 -0.213845 0 0 0
-1.92461 0.713322 -0.213845 0 0 0
-1.92461 0.713322 -0.213845 0 0 0
-1.92461 0.713322 -0.213845 0 0 0
-1.92461 0.713322 -0.213845 0 0 0
-1.92461 0.713322 -0.213845 0 0 0
-1.92461 0.713322 -0.213845 0 0 0
-0.922204 0.376398 -0.102467 0 0 0
-0.922204 0.376398 -0.102467 0 0 0
-0.922204 0.376398 -0.102467 0 0 0
-0.922204 0.376398 -0.102467 0 0 0
-0.922204 0.376398 -0.102467 0 0 0
-0.922204 0.376398 -0.102467 0 0 0
-0.922204 0.376398 -0.102467 0 0 0
-0.922204 0.376398 -0.102467 0 0 0
-0.922204 0.376398 -0.102467 0 0 0
-0.922204 0.376398 -0.102467 0 0 0
-0.922204 0.376398 -0.102467 0 0 0
-0.922204 0.376398 -0.102467 0 0 0
-0.922204 0.376398 -0.102467 0 0 0
-0.922204 0.376398 -0.102467 0 0 0
-0.922204 0.376398 -0.102467 0 0 0
-0.922204 0.376398 -0.102467 0 0 0
-0.922204 0.376398 -0.102467 0 0 0
-0.922204 0.376398 -0.102467 0 0 0
-0.922204 0.376398 -0.102467 0 0 0
-0.922204 0.376398 -0.102467 0 0 0
-0.922204 0.376398 -0.102467 0 0 0
-0.922204 0.376398 -0.102467 0 0 0
-0.922204 0.376398 -0.102467 0 0 0
-0.922204 0.376398 -0.102467 0 0 0
-0.922204 0.376398 -0.102467 0 0 0
-0.922204 0.376398 -0.102467 0 0 0
-0.922204 0.376398 -0.102467 0 0 0
-0.922204 0.376398 -0.102467 0 0 0
-0.922204 0.376398 -0.102467 0 0 0
-0.922204 0.376398 -0.102467 0 0 0
-0.922204 0.376398 -0.102467 0 0 0
-0.922204 0.376398 -0.102467 0 0 0
-0.922204 0.376398 -0.102467 0 0 0
-0.46067 0.19737 -0.0511855 0 0 0
-0.46067 0.19737 -0.0511855 0 0 0
-0.46067 0.19737 -0.0511855 0 0 0
-0.46067 0.19737 -0.0511855 0 0 0
-0.46067 0.19737 -0.0511855 0 0 0
-0.46067 0.19737 -0.0511855 0 0 0
-0.46067 0.19737 -0.0511855 0 0 0
-0.46067 0.19737 -0.0511855 0 0 0
-0.46067 0.19737 -0.0511855 0 0 0
-0.46067 0.19737 -0.0511855 0 0 0
-0.46067 0.19737 -0.0511855 0 0 0
-0.46067 0.19737 -0.0511855 0 0 0
-0.46067 0.19737 -0.0511855 0 0 0
-0.46067 0.19737 -0.0511855 0 0 0
-0.46067 0.19737 -0.0511855 0 0 0
-0.46067 0.19737 -0.0511855 0 0 0
-0.46067 0.19737 -0.0511855 0 0 0
-0.46067 0.19737 -0.0511855 0 0 0
-0.46067 0.19737 -0.0511855 0 0 0
-0.46067 0.19737 -0.0511855 0 0 0
-0.46067 0.19737 -0.0511855 0 0 0
-0.46067 0.19737 -0.0511855 0 0 0
-0.46067 0.19737 -0.0511855 0 0 0
-0.46067 0.19737 -0.0511855 0 0 0
-0.46067 0.19737 -0.0511855 0 0 0
-0.46067 0.19737 -0.0511855 0 0 0
-0.46067 0.19737 -0.0511855 0 0 0
-0.46067 0.19737 -0.0511855 0 0 0
-0.46067 0.19737 -0.0511855 0 0 0
-0.46067 0.19737 -0.0511855 0 0 0
-0.46067 0.19737 -0.0511855 0 0 0
-0.46067 0.19737 -0.0511855 0 0 0
-0.46067 0.19737 -0.0511855 0 0 0
-0.19577 0.0858668 -0.0217522 0 0 0
-0.19577 0.0858668 -0.0217522 0 0 0
-0.19577 0.0858668 -0.0217522 0 0 0
-0.19577 0.0858668 -0.0217522 0 0 0
-0.19577 0.0858668 -0.0217522 0 0 0
-0.19577 0.0858668 -0.0217522 0 0 0
-0.19577 0.0858668 -0.0217522 0 0 0
-0.19577 0.0858668 -0.0217522 0 0 0
-0.19577 0.0858668 -0.0217522 0 0 0
-0.19577 0.0858668 -0.0217522 0 0 0
-0.19577 0.0858668 -0.0217522 0 0 0
-0.19577 0.0858668 -0.0217522 0 0 0
-0.19577 0.0858668 -0.0217522 0 0 0
-0.19577 0.0858668 -0.0217522 0 0 0
-0.19577 0.0858668 -0.0217522 0 0 0
-0.19577 0.0858668 -0.0217522 0 0 0
-0.19577 0.0858668 -0.0217522 0 0 0
-0.19577 0.0858668 -0.0217522 0 0 0
-0.19577 0.0858668 -0.0217522 0 0 0
-0.19577 0.0858668 -0.0217522 0 0 0
-0.19577 0.0858668 -0.0217522 0 0 0
-0.19577 0.0858668 -0.0217522 0 0 0
-0.19577 0.0858668 -0.0217522 0 0 0
-0.19577 0.0858668 -0.0217522 0 0 0
-0.19577 0.0858668 -0.0217522 0 0 0
-0.19577 0.0858668 -0.0217522 0 0 0
-0.19577 0.0858668 -0.0217522 0 0 0
-0.19577 0.0858668 -0.0217522 0 0 0
-0.19577 0.0858668 -0.0217522 0 0 0
-0.19577 0.0858668 -0.0217522 0 0 0
-0.19577 0.0858668 -0.0217522 0 0 0
-0.19577 0.0858668 -0.0217522 0 0 0
-0.19577 0.0858668 -0.0217522 0 0 0
0 0 0 0 0 0
0 0 0 0 0 0
0 0 0 0 0 0
0 0 0 0 0 0
0 0 0 0 0 0
0 0 0 0 0 0
0 0 0 0 0 0
0 0 0 0 0 0
0 0 0 0 0 0
0 0 0 0 0 0
0 0 0 0 0 0
0 0 0 0 0 0
0 0 0 0 0 0
0 0 0 0 0 0
0 0 0 0 0 0
0 0 0 0 0 0
0 0 0 0 0 0
0 0 0 0 0 0
0 0 0 0 0 0
0 0 0 0 0 0
0 0 0 0 0 0
0 0 0 0 0 0
0 0 0 0 0 0
0 0 0 0 0 0
0 0 0 0 0 0
0 0 0 0 0 0
0 0 0 0 0 0
0 0 0 0 0 0
0 0 0 0 0 0
0 0 0 0 0 0
0 0 0 0 0 0
0 0 0 0 0 0
0 0 0 0 0 0
