0.000112712 0.00343125
0.000783666 0.00333887
0.00141548 0.00305267
0.00197476 0.0026015
0.00243053 0.00204583
0.002773 0.00143654
0.00299104 0.000820612
0.00309319 0.000246558
0.00308724 -0.000246269
0.0029971 -0.000685685
0.0028197 -0.0011191
0.00256045 -0.00156232
0.00221012 -0.00199564
0.00178179 -0.00237512
0.00128339 -0.00267864
0.000736635 -0.00287536
0.000161476 -0.00294817
-0.000413684 -0.00287921
-0.000961935 -0.0026855
-0.00146151 -0.00238623
-0.001893 -0.00201293
-0.00224692 -0.00158623
-0.00251191 -0.0011524
-0.00269656 -0.000730858
-0.00279708 -0.00030028
-0.00281372 0.000191532
-0.00272235 0.000770675
-0.00251302 0.00139056
-0.00217978 0.00200153
-0.00173206 0.00255933
-0.00118118 0.00301636
-0.00055514 0.00331613
0.000112712 0.00343125
6.07858e-05 0.00343125
0.000594921 0.00333887
0.00107042 0.00305267
0.0014652 0.0026015
0.0017715 0.00204583
0.00199231 0.00143654
0.00210451 0.000820612
0.00211362 0.000246558
0.00205785 -0.000246269
0.00196796 -0.000685685
0.00184257 -0.0011191
0.0016581 -0.00156232
0.00141606 -0.00199564
0.00114825 -0.00237512
0.000847534 -0.00267864
0.00050349 -0.00287536
0.000121707 -0.00294817
-0.000260926 -0.00287921
-0.000604731 -0.0026855
-0.000905741 -0.00238623
-0.00118005 -0.00201293
-0.00142986 -0.00158623
-0.00162347 -0.0011524
-0.00175814 -0.000730858
-0.00186497 -0.00030028
-0.00193624 0.000191532
-0.00193724 0.000770675
-0.00183301 0.00139056
-0.00162012 0.00200153
-0.00132021 0.00255933
-0.000932714 0.00301636
-0.000466597 0.00331613
6.07858e-05 0.00343125
-1.21709e-05 0.00277388
8.76717e-05 0.0026383
0.000116087 0.00227415
9.16592e-05 0.001832
6.30619e-05 0.00137741
1.67199e-05 0.000870199
-7.78682e-05 0.00031699
-0.000205318 -0.000121913
-0.000301806 -0.000380614
-0.000377204 -0.00056257
-0.000386176 -0.000809713
-0.000365409 -0.00111451
-0.00029852 -0.00133229
-0.000207788 -0.00148564
-9.5951e-05 -0.00168485
1.16381e-05 -0.00189668
9.09819e-05 -0.00199751
0.000161963 -0.00189827
0.000261077 -0.00168498
0.000363511 -0.00150339
0.000443027 -0.00136958
0.000497374 -0.00115871
0.000495575 -0.000857837
0.000462088 -0.000631074
0.000362893 -0.000465393
0.000247875 -0.000188851
0.00010309 0.000269742
-4.55211e-06 0.000828672
-6.17446e-05 0.00134001
-9.98045e-05 0.00179629
-0.000129055 0.0022306
-0.000104938 0.00259614
-1.21709e-05 0.00277388
-5.20136e-05 0.00155158
-0.00035934 0.00140331
-0.000634386 0.00107913
-0.000856058 0.000818085
-0.00102856 0.000583515
-0.00117132 0.000250778
-0.0012981 -0.000111496
-0.00138926 -0.000316497
-0.00144667 -0.000395865
-0.00144958 -0.000392642
-0.00135619 -0.000371746
-0.00120361 -0.000390838
-0.00100401 -0.000417064
-0.000798226 -0.000469419
-0.000536878 -0.000545659
-0.000235348 -0.000673223
9.65835e-05 -0.000764682
0.000427499 -0.000704881
0.000706585 -0.000580245
0.000945155 -0.000510431
0.00114575 -0.000465899
0.00134832 -0.000462427
0.00145776 -0.00046818
0.00150538 -0.000495465
0.001474 -0.000491018
0.00139455 -0.000400376
0.00127865 -0.000183732
0.00112539 0.000191605
0.000959876 0.000531393
0.000770337 0.000777561
0.000534124 0.00104996
0.000256104 0.00137486
-5.20136e-05 0.00155158
-7.95678e-05 0.000630845
-0.000360221 0.00060424
-0.000553693 0.000528293
-0.000667254 0.000434019
-0.000747607 0.000299597
-0.000798882 8.97629e-05
-0.000791617 -0.000136652
-0.000724037 -0.000276081
-0.000647998 -0.0002913
-0.000567222 -0.000176512
-0.000491958 -9.03599e-05
-0.000410074 -0.00010511
-0.000338685 -0.000147728
-0.000275224 -0.000143393
-0.000192238 -0.000115803
-8.02405e-05 -0.000130623
8.30564e-05 -0.00014364
0.000250743 -0.000164666
0.000356374 -0.00017983
0.00042095 -0.000192556
0.000475934 -0.000171047
0.000534549 -0.000185842
0.000593115 -0.00024214
0.000639534 -0.000318565
0.000692264 -0.000408613
0.000733237 -0.000378473
0.000764666 -0.000234664
0.000739454 -2.34011e-06
0.000656016 0.000223087
0.000549215 0.000370042
0.000409526 0.000479955
0.000199144 0.000576096
-7.95678e-05 0.000630845
-9.40435e-05 0.000363991
-0.000200617 0.000367439
-0.000280958 0.000351787
-0.000340682 0.000313408
-0.000380657 0.000231584
-0.000386398 0.000114634
-0.000330975 1.55157e-05
-0.000225137 -3.87479e-05
-0.000104867 -7.59081e-05
-1.82212e-05 -7.4687e-05
4.17918e-06 -5.93923e-05
1.78065e-05 -7.68099e-05
3.34257e-05 -0.00011649
6.25963e-05 -0.000137525
6.03661e-05 -0.000130093
5.97008e-05 -0.00011874
6.99559e-05 -0.000112874
7.65678e-05 -0.000142271
7.98035e-05 -0.000183002
7.62958e-05 -0.000197265
8.54995e-05 -0.000174679
6.80408e-05 -0.000168051
8.33071e-05 -0.000186563
9.86205e-05 -0.000211813
0.000163167 -0.000215392
0.000247773 -0.000180446
0.000311535 -0.000115288
0.000325825 -2.64533e-06
0.000282318 0.000126267
0.000205996 0.000223098
0.000119951 0.000280536
1.82135e-05 0.000330423
-9.40435e-05 0.000363991
-8.54539e-05 0.000245968
-0.000133913 0.00026015
-0.0001736 0.000252732
-0.000208339 0.000224271
-0.000231471 0.000179819
-0.000228497 0.000122476
-0.000195404 6.99595e-05
-0.00015039 3.34353e-05
-0.000108644 1.01259e-06
-6.47825e-05 -1.70658e-05
-4.69378e-05 -3.01624e-05
-3.32142e-05 -4.87914e-05
-1.6386e-05 -6.4586e-05
1.5116e-05 -8.05878e-05
3.30076e-05 -9.17658e-05
4.67239e-05 -8.9595e-05
5.18913e-05 -9.16809e-05
5.64978e-05 -0.000115371
7.19856e-05 -0.00013793
9.39818e-05 -0.00014121
0.00011214 -0.000139849
0.000111932 -0.00014461
0.00012059 -0.000152226
0.000130696 -0.00015738
0.000157485 -0.000151298
0.000174784 -0.000129079
0.000189483 -9.51205e-05
0.000181363 -3.3415e-05
0.000145169 4.10408e-05
8.51609e-05 0.000107473
2.53536e-05 0.000164087
-2.98329e-05 0.000209299
-8.54539e-05 0.000245968
-4.14811e-05 0.000202457
-5.62848e-05 0.000221626
-6.63531e-05 0.000222347
-7.28063e-05 0.000206689
-7.06082e-05 0.000175775
-6.4497e-05 0.000133957
-4.91241e-05 9.27915e-05
-3.39213e-05 5.56103e-05
-2.07845e-05 2.29323e-05
-8.91515e-06 -4.01266e-07
-3.57104e-06 -1.81635e-05
1.92409e-06 -3.39659e-05
9.05477e-06 -4.94787e-05
1.40826e-05 -6.62268e-05
2.01583e-05 -7.80604e-05
2.33106e-05 -8.14093e-05
2.17222e-05 -8.57242e-05
2.1563e-05 -0.000100123
3.00668e-05 -0.000116923
3.57651e-05 -0.000126292
3.70226e-05 -0.000129784
3.67905e-05 -0.000133852
3.83819e-05 -0.000139029
4.13617e-05 -0.000141949
4.54338e-05 -0.000137648
4.66331e-05 -0.00012035
4.72564e-05 -9.10287e-05
4.45512e-05 -4.74243e-05
2.88599e-05 8.95725e-06
1.14678e-05 6.69702e-05
-9.32466e-06 0.000120581
-2.57571e-05 0.00016714
-4.14811e-05 0.000202457
1.63629e-06 0.000196717
2.04184e-06 0.000215475
1.65483e-06 0.000216972
2.36044e-06 0.000202945
2.64022e-06 0.000174441
3.80933e-06 0.000134637
4.298e-06 9.52098e-05
4.73173e-06 5.92298e-05
5.20444e-06 2.59416e-05
5.37721e-06 1.44677e-06
4.11948e-06 -1.70272e-05
3.51915e-06 -3.24516e-05
3.91334e-06 -4.75112e-05
3.48019e-06 -6.33499e-05
3.22984e-06 -7.55526e-05
1.78402e-06 -8.12111e-05
3.78766e-07 -8.64497e-05
-9.63894e-07 -9.82442e-05
-7.51759e-07 -0.000113229
-2.02384e-06 -0.000123506
-3.17464e-06 -0.000128178
-4.28012e-06 -0.000132243
-5.0955e-06 -0.000136068
-4.51886e-06 -0.000138348
-4.38268e-06 -0.00013451
-4.18079e-06 -0.000117431
-3.91536e-06 -8.99618e-05
-2.97684e-06 -4.9268e-05
-2.34422e-06 4.83333e-06
-1.64988e-06 6.11076e-05
-6.68279e-07 0.000114372
2.26699e-07 0.000161211
1.63629e-06 0.000196717
4.81651e-05 0.000204308
6.34463e-05 0.000221645
7.24503e-05 0.000222672
8.18389e-05 0.000207694
8.1792e-05 0.000177252
7.87371e-05 0.000135647
6.48148e-05 9.3732e-05
5.09719e-05 5.65345e-05
3.93231e-05 2.35904e-05
2.82944e-05 -1.50748e-06
1.88037e-05 -2.0058e-05
1.1248e-05 -3.4176e-05
6.42507e-06 -4.95184e-05
-3.14931e-08 -6.69237e-05
-8.79851e-06 -7.97898e-05
-1.69981e-05 -8.43162e-05
-2.0235e-05 -8.8526e-05
-2.57409e-05 -0.000101276
-3.26375e-05 -0.000118004
-4.2975e-05 -0.000128763
-4.75873e-05 -0.000132084
-5.2846e-05 -0.00013581
-5.6818e-05 -0.000139273
-5.83053e-05 -0.000141222
-6.17794e-05 -0.000137304
-6.27607e-05 -0.000119873
-6.17244e-05 -8.98012e-05
-5.49163e-05 -4.58224e-05
-3.72566e-05 1.03102e-05
-1.79506e-05 6.8679e-05
6.76155e-06 0.000122494
2.64555e-05 0.00016949
4.81651e-05 0.000204308
9.42086e-05 0.000252964
0.000150444 0.000259515
0.000194695 0.000254757
0.000235232 0.000229777
0.000262041 0.000185456
0.000261146 0.000127355
0.000233092 7.30016e-05
0.000192924 3.65178e-05
0.000153011 3.53305e-06
0.000112667 -2.0644e-05
8.67915e-05 -3.6881e-05
6.46218e-05 -4.85239e-05
5.00977e-05 -6.36346e-05
2.06964e-05 -8.50473e-05
-3.49316e-06 -0.000100142
-2.94463e-05 -0.000100281
-4.34234e-05 -0.000103036
-5.82122e-05 -0.000119763
-7.89605e-05 -0.000141212
-0.000108237 -0.000149863
-0.000139278 -0.000149424
-0.000154329 -0.00015313
-0.000165359 -0.000153188
-0.00017344 -0.000155117
-0.00019817 -0.000150415
-0.000214264 -0.000127046
-0.000223706 -8.88832e-05
-0.000210228 -2.68435e-05
-0.000165319 4.5243e-05
-9.90057e-05 0.000113787
-3.12345e-05 0.00017186
3.40689e-05 0.000219308
9.42086e-05 0.000252964
0.000107348 0.000380961
0.000227199 0.000382303
0.000321251 0.000364632
0.000387638 0.000325988
0.000436085 0.00024025
0.000446889 0.000125189
0.000400827 2.85144e-05
0.000297093 -2.96252e-05
0.000170557 -6.86983e-05
9.43066e-05 -8.14201e-05
7.10467e-05 -8.1443e-05
2.21094e-05 -8.44446e-05
1.80094e-05 -0.00011124
1.81844e-05 -0.000143395
4.64661e-06 -0.000154425
-2.84703e-05 -0.000147481
-5.87191e-05 -0.00013902
-7.75499e-05 -0.000162203
-9.07299e-05 -0.000199359
-9.29554e-05 -0.000224429
-0.000126796 -0.000211238
-0.00014897 -0.000191566
-0.000170321 -0.000187269
-0.00017853 -0.000206045
-0.000220278 -0.000211059
-0.000308593 -0.000172112
-0.000372784 -0.000101074
-0.000375622 1.61707e-05
-0.000317136 0.000145928
-0.000230377 0.000242274
-0.000133414 0.000304539
-2.09079e-05 0.000350796
0.000107348 0.000380961
0.000101924 0.00068139
0.000389943 0.000641577
0.000599138 0.000559751
0.000727369 0.000462618
0.000822388 0.000326103
0.00088927 0.000116533
0.000895741 -0.000116463
0.000841924 -0.000277938
0.000748555 -0.000282167
0.000661092 -0.000167702
0.000588572 -0.00015029
0.000499954 -0.000138406
0.000415287 -8.86933e-05
0.000339426 -0.000130017
0.000243331 -0.000196822
0.000117827 -0.000220636
-7.19249e-05 -0.000204032
-0.000250099 -0.000201748
-0.000374565 -0.000206289
-0.000457305 -0.00024681
-0.000527324 -0.000274448
-0.000598065 -0.000261627
-0.000669964 -0.000241953
-0.000724022 -0.00027332
-0.00077638 -0.000380463
-0.000826546 -0.00038167
-0.000848062 -0.000210925
-0.000809333 4.36255e-05
-0.000712956 0.00026452
-0.000589319 0.000408493
-0.000431112 0.00052078
-0.000202488 0.000627028
0.000101924 0.00068139
8.07966e-05 0.0016365
0.000409267 0.00146712
0.000697229 0.00115306
0.00093473 0.000889715
0.00112332 0.000650973
0.00127733 0.000319391
0.00141413 -4.25464e-05
0.00152198 -0.000309265
0.00158588 -0.000428303
0.00157463 -0.000409814
0.00148145 -0.000411929
0.00135009 -0.000438285
0.00111393 -0.000455426
0.000851845 -0.000524119
0.000580758 -0.00062998
0.00028354 -0.000788167
-6.69539e-05 -0.000870307
-0.000424545 -0.000787492
-0.000741315 -0.000671323
-0.00101314 -0.000610842
-0.00122194 -0.000569501
-0.00140948 -0.000543443
-0.00153371 -0.000506985
-0.00160347 -0.000499912
-0.00159706 -0.000500411
-0.00150539 -0.000386607
-0.0013712 -0.000120284
-0.00121227 0.000267385
-0.00103859 0.000614411
-0.00082613 0.000869894
-0.000564971 0.00115205
-0.000254205 0.00148444
8.07966e-05 0.0016365
3.14137e-05 0.00299278
-4.63698e-07 0.00279629
3.1007e-05 0.00240739
0.000107166 0.00196824
0.000182792 0.00149783
0.000261286 0.00097524
0.000375496 0.000424089
0.000506015 -6.47621e-05
0.000627038 -0.00038379
0.000697503 -0.000582759
0.000692379 -0.000864456
0.000649323 -0.00121611
0.000543784 -0.00146585
0.000400079 -0.00163349
0.000235053 -0.00184873
7.25327e-05 -0.00210024
-5.58106e-05 -0.00222732
-0.000191525 -0.00213497
-0.000350957 -0.00191925
-0.000504283 -0.00171197
-0.000623562 -0.00154281
-0.000704885 -0.00129814
-0.000729766 -0.000953992
-0.000715578 -0.00067057
-0.000627365 -0.000446701
-0.000494176 -0.000115035
-0.000341322 0.000376227
-0.000214158 0.000949779
-0.000126356 0.0014978
-4.37149e-05 0.00199242
3.64474e-05 0.00245679
6.87393e-05 0.00284607
3.14137e-05 0.00299278
-1.21167e-06 0.00430562
-0.000151258 0.00417592
-0.000256626 0.00383534
-0.000324287 0.00331172
-0.000363756 0.00264381
-0.000381699 0.00189732
-0.000366816 0.00113328
-0.000322899 0.00040865
-0.000262309 -0.00023817
-0.000222493 -0.000832129
-0.000201637 -0.00142003
-0.000168715 -0.0020098
-0.000128346 -0.00257452
-0.000110023 -0.00307507
-0.000103153 -0.00347298
-8.00893e-05 -0.00373543
-2.81732e-05 -0.00383194
2.46939e-05 -0.00375546
5.61913e-05 -0.00351491
7.34329e-05 -0.00313686
9.93629e-05 -0.00265006
0.000146841 -0.00209198
0.000188017 -0.00149858
0.000219559 -0.000898738
0.000269297 -0.000290181
0.000333892 0.000365243
0.000384575 0.00109279
0.000403108 0.00186333
0.000384628 0.00262336
0.000341716 0.00331175
0.000268254 0.00385719
0.000154045 0.00420153
-1.21167e-06 0.00430562
-0 0.00430562
-0 0.00417592
-0 0.00383534
-0 0.00331172
-0 0.00264381
-0 0.00189732
-0 0.00113328
-0 0.00040865
-0 -0.00023817
-0 -0.000832129
-0 -0.00142003
-0 -0.0020098
-0 -0.00257452
-0 -0.00307507
-0 -0.00347298
-0 -0.00373543
-0 -0.00383194
-0 -0.00375546
-0 -0.00351491
-0 -0.00313686
-0 -0.00265006
-0 -0.00209198
-0 -0.00149858
-0 -0.000898738
-0 -0.000290181
-0 0.000365243
-0 0.00109279
-0 0.00186333
-0 0.00262336
-0 0.00331175
-0 0.00385719
-0 0.00420153
-0 0.00430562
