0
0
0
0
0
0
0
0
0
0
0
0
0
0
0
0
0
0
0
0
0
0
0
0
0
0
0
0
0
0
0
0
0
-150.003
-1042.94
-1883.78
-2628.1
-3234.67
-3690.45
-3980.62
-4116.57
-4108.65
-3988.69
-3752.6
-3407.57
-2941.33
-2371.29
-1707.99
-980.35
-214.9
550.551
1280.19
1945.05
2519.29
2990.31
3342.98
3588.71
3722.49
3744.64
3623.03
3344.45
2900.96
2305.12
1571.97
738.807
-150.003
-161.793
-1583.5
-2849.13
-3899.92
-4715.19
-5302.93
-5601.56
-5625.81
-5477.38
-5238.12
-4904.36
-4413.36
-3769.13
-3056.3
-2255.88
-1340.14
-323.948
694.505
1609.61
2410.81
3140.95
3805.85
4321.19
4679.63
4963.99
5153.67
5156.36
4878.92
4312.28
3514
2482.6
1241.94
-161.793
-117.608
-1276.3
-2192.77
-2872.07
-3402.52
-3734.95
-3773.36
-3570.07
-3305.34
-2984.69
-2724.72
-2434.96
-2146.76
-1818.23
-1452.6
-1011.33
-457.067
119.453
585.283
977.497
1340.09
1666.45
2023.91
2358.78
2756.58
3084.87
3348.64
3356.57
3065.3
2570.77
1915.48
1018.12
-117.608
-23.3489
-627.047
-1160.59
-1621.35
-1977.46
-2185.22
-2146.4
-1928.03
-1626.79
-1379.77
-1294.58
-1209.71
-1096.75
-931.667
-826.87
-713.714
-581.024
-443.367
-271.105
-104.908
91.305
217.02
441.078
672.752
1040.65
1441.81
1752.98
1883.47
1757.38
1463.59
1060.92
560.27
-23.3489
94.1775
-317.496
-719.009
-1096.04
-1412.62
-1608.57
-1666.32
-1642.91
-1580.56
-1474.91
-1415.27
-1343.47
-1245.28
-1085.66
-940.924
-797.751
-678.138
-547.948
-363.275
-142.944
73.2967
243.643
445.215
656.53
913.982
1133.22
1313.33
1388.36
1319.18
1108.92
825.443
488.06
94.1775
226.966
-93.0661
-412.765
-714.556
-964.268
-1156.75
-1265.45
-1328.78
-1347.67
-1331.27
-1305.7
-1257.1
-1185.72
-1098.28
-987.547
-872.619
-767.225
-647.168
-483.518
-307.985
-136.269
35.9165
219.34
410.255
606.35
782.31
923.766
1016.22
1005.94
915.296
741.651
511.791
226.966
321.63
38.9405
-256.937
-541.508
-796.511
-1000.38
-1146.21
-1242.61
-1291.39
-1302.48
-1290.34
-1255.06
-1201.67
-1125.9
-1028.78
-922.116
-816.257
-698.328
-554.879
-393.095
-225.186
-54.2867
124.24
308.657
494.805
667.996
808.985
905.631
932.788
882.248
757.959
567.466
321.63
337.377
56.7469
-236.153
-520.768
-776.33
-985.076
-1134.69
-1238.5
-1292.35
-1307.54
-1296.2
-1262.22
-1209.82
-1135.76
-1041.2
-934.665
-825.043
-704.562
-563.546
-403.181
-234.812
-62.0085
117.179
300.162
485.419
658.187
797.984
897.638
929.12
884.773
766.47
580.349
337.377
317.275
33.5057
-261.342
-547.791
-803.539
-1010.52
-1157.65
-1255.21
-1305.24
-1316.79
-1301.3
-1264.43
-1212.08
-1135.16
-1037.38
-926.864
-817.265
-695.763
-552.878
-387.708
-216.737
-42.8943
137.803
320.685
506.47
679.124
819.406
913.555
939.028
886.639
759.738
566.862
317.275
209.176
-112.128
-428.994
-738.598
-994.035
-1194.65
-1307.21
-1374.17
-1397.01
-1382.86
-1346.25
-1292.16
-1226.92
-1135.68
-1017.78
-889.421
-771.183
-636.047
-476.675
-288.794
-108.149
78.6517
268.411
455.353
649.857
825.237
962.275
1043.81
1028.29
932.552
748.473
509.932
209.176
66.52
-366.932
-779.562
-1173.91
-1501.01
-1705.61
-1778.07
-1768.72
-1712.51
-1616.68
-1532.32
-1436.43
-1345.43
-1190.25
-1028.08
-848.487
-701.685
-540.819
-342.709
-99.613
153.98
367.882
577.938
782.33
1033.94
1249.43
1414.84
1473.12
1379.06
1150.16
842.875
476.181
66.52
-76.5525
-716.864
-1284.07
-1770.37
-2154.76
-2384.13
-2374.09
-2164.94
-1850.98
-1633.87
-1535.35
-1351.01
-1274.86
-1184.08
-1030.15
-813.642
-614.891
-429.633
-235.18
-41.3751
229.343
475.166
721.753
930.547
1236.17
1646.62
1954.51
2043.6
1872.41
1545.75
1103.58
565.583
-76.5525
-204.77
-1404.84
-2374.29
-3109.94
-3689.96
-4072.58
-4162.26
-4009.66
-3704.93
-3376.3
-3098.92
-2767.16
-2450.8
-2093.7
-1675.75
-1162.11
-510.242
124.868
654.269
1117.59
1557.56
1959.75
2361.18
2709.46
3100.43
3449.45
3672.13
3627.32
3276.73
2718.75
1990.36
1015.14
-204.77
-291.609
-1806.21
-3139.88
-4258.34
-5144.71
-5784.01
-6138.07
-6215.98
-6072.11
-5825.06
-5478.52
-4944.53
-4239.8
-3451.43
-2575.95
-1568.34
-436.68
700.376
1737.98
2655.3
3481.77
4226.79
4804.04
5198.51
5487.07
5653.51
5604.25
5270.29
4636.81
3744.65
2607.36
1242.2
-291.609
-288.383
-1403.61
-2456.82
-3395.19
-4176.5
-4768.04
-5161.72
-5356.52
-5373.92
-5232.85
-4941.82
-4495.46
-3898.19
-3158.59
-2301.39
-1355.17
-361.691
634.649
1588.41
2459.84
3217.29
3835.94
4303.6
4614.11
4770.28
4764.79
4580.62
4197.34
3613.05
2835.11
1893.35
832.179
-288.383
-288.383
-1403.61
-2456.82
-3395.19
-4176.5
-4768.04
-5161.72
-5356.52
-5373.92
-5232.85
-4941.82
-4495.46
-3898.19
-3158.59
-2301.39
-1355.17
-361.691
634.649
1588.41
2459.84
3217.29
3835.94
4303.6
4614.11
4770.28
4764.79
4580.62
4197.34
3613.05
2835.11
1893.35
832.179
-288.383
