2 2 2
2 2 2
2 2 2
2 2 2
2 2 2
2 2 2
2 2 2
2 2 2
2 2 2
2 2 2
2 2 2
2 2 2
2 2 2
2 2 2
2 2 2
2 2 2
2 2 2
2 2 2
2 2 2
2 2 2
2 2 2
2 2 2
2 2 2
2 2 2
2 2 2
2 2 2
2 2 2
2 2 2
2 2 2
2 2 2
2 2 2
2 2 2
2 2 2
2.01779 2.00788 2.00198
2.01779 2.00788 2.00198
2.01779 2.00788 2.00198
2.01779 2.00788 2.00198
2.01779 2.00788 2.00198
2.01779 2.00788 2.00198
2.01779 2.00788 2.00198
2.01779 2.00788 2.00198
2.01779 2.00788 2.00198
2.01779 2.00788 2.00198
2.01779 2.00788 2.00198
2.01779 2.00788 2.00198
2.01779 2.00788 2.00198
2.01779 2.00788 2.00198
2.01779 2.00788 2.00198
2.01779 2.00788 2.00198
2.01779 2.00788 2.00198
2.01779 2.00788 2.00198
2.01779 2.00788 2.00198
2.01779 2.00788 2.00198
2.01779 2.00788 2.00198
2.01779 2.00788 2.00198
2.01779 2.00788 2.00198
2.01779 2.00788 2.00198
2.01779 2.00788 2.00198
2.01779 2.00788 2.00198
2.01779 2.00788 2.00198
2.01779 2.00788 2.00198
2.01779 2.00788 2.00198
2.01779 2.00788 2.00198
2.01779 2.00788 2.00198
2.01779 2.00788 2.00198
2.01779 2.00788 2.00198
2.07688 2.03372 2.00854
2.07688 2.03372 2.00854
2.07688 2.03372 2.00854
2.07688 2.03372 2.00854
2.07688 2.03372 2.00854
2.07688 2.03372 2.00854
2.07688 2.03372 2.00854
2.07688 2.03372 2.00854
2.07688 2.03372 2.00854
2.07688 2.03372 2.00854
2.07688 2.03372 2.00854
2.07688 2.03372 2.00854
2.07688 2.03372 2.00854
2.07688 2.03372 2.00854
2.07688 2.03372 2.00854
2.07688 2.03372 2.00854
2.07688 2.03372 2.00854
2.07688 2.03372 2.00854
2.07688 2.03372 2.00854
2.07688 2.03372 2.00854
2.07688 2.03372 2.00854
2.07688 2.03372 2.00854
2.07688 2.03372 2.00854
2.07688 2.03372 2.00854
2.07688 2.03372 2.00854
2.07688 2.03372 2.00854
2.07688 2.03372 2.00854
2.07688 2.03372 2.00854
2.07688 2.03372 2.00854
2.07688 2.03372 2.00854
2.07688 2.03372 2.00854
2.07688 2.03372 2.00854
2.07688 2.03372 2.00854
2.19869 2.08539 2.02208
2.19869 2.08539 2.02208
2.19869 2.08539 2.02208
2.19869 2.08539 2.02208
2.19869 2.08539 2.02208
2.19869 2.08539 2.02208
2.19869 2.08539 2.02208
2.19869 2.08539 2.02208
2.19869 2.08539 2.02208
2.19869 2.08539 2.02208
2.19869 2.08539 2.02208
2.19869 2.08539 2.02208
2.19869 2.08539 2.02208
2.19869 2.08539 2.02208
2.19869 2.08539 2.02208
2.19869 2.08539 2.02208
2.19869 2.08539 2.02208
2.19869 2.08539 2.02208
2.19869 2.08539 2.02208
2.19869 2.08539 2.02208
2.19869 2.08539 2.02208
2.19869 2.08539 2.02208
2.19869 2.08539 2.02208
2.19869 2.08539 2.02208
2.19869 2.08539 2.02208
2.19869 2.08539 2.02208
2.19869 2.08539 2.02208
2.19869 2.08539 2.02208
2.19869 2.08539 2.02208
2.19869 2.08539 2.02208
2.19869 2.08539 2.02208
2.19869 2.08539 2.02208
2.19869 2.08539 2.02208
2.43902 2.18153 2.04878
2.43902 2.18153 2.04878
2.43902 2.18153 2.04878
2.43902 2.18153 2.04878
2.43902 2.18153 2.04878
2.43902 2.18153 2.04878
2.43902 2.18153 2.04878
2.43902 2.18153 2.04878
2.43902 2.18153 2.04878
2.43902 2.18153 2.04878
2.43902 2.18153 2.04878
2.43902 2.18153 2.04878
2.43902 2.18153 2.04878
2.43902 2.18153 2.04878
2.43902 2.18153 2.04878
2.43902 2.18153 2.04878
2.43902 2.18153 2.04878
2.43902 2.18153 2.04878
2.43902 2.18153 2.04878
2.43902 2.18153 2.04878
2.43902 2.18153 2.04878
2.43902 2.18153 2.04878
2.43902 2.18153 2.04878
2.43902 2.18153 2.04878
2.43902 2.18153 2.04878
2.43902 2.18153 2.04878
2.43902 2.18153 2.04878
2.43902 2.18153 2.04878
2.43902 2.18153 2.04878
2.43902 2.18153 2.04878
2.43902 2.18153 2.04878
2.43902 2.18153 2.04878
2.43902 2.18153 2.04878
2.95448 2.36551 2.10605
2.95448 2.36551 2.10605
2.95448 2.36551 2.10605
2.95448 2.36551 2.10605
2.95448 2.36551 2.10605
2.95448 2.36551 2.10605
2.95448 2.36551 2.10605
2.95448 2.36551 2.10605
2.95448 2.36551 2.10605
2.95448 2.36551 2.10605
2.95448 2.36551 2.10605
2.95448 2.36551 2.10605
2.95448 2.36551 2.10605
2.95448 2.36551 2.10605
2.95448 2.36551 2.10605
2.95448 2.36551 2.10605
2.95448 2.36551 2.10605
2.95448 2.36551 2.10605
2.95448 2.36551 2.10605
2.95448 2.36551 2.10605
2.95448 2.36551 2.10605
2.95448 2.36551 2.10605
2.95448 2.36551 2.10605
2.95448 2.36551 2.10605
2.95448 2.36551 2.10605
2.95448 2.36551 2.10605
2.95448 2.36551 2.10605
2.95448 2.36551 2.10605
2.95448 2.36551 2.10605
2.95448 2.36551 2.10605
2.95448 2.36551 2.10605
2.95448 2.36551 2.10605
2.95448 2.36551 2.10605
4.28923 2.73632 2.25436
4.28923 2.73632 2.25436
4.28923 2.73632 2.25436
4.28923 2.73632 2.25436
4.28923 2.73632 2.25436
4.28923 2.73632 2.25436
4.28923 2.73632 2.25436
4.28923 2.73632 2.25436
4.28923 2.73632 2.25436
4.28923 2.73632 2.25436
4.28923 2.73632 2.25436
4.28923 2.73632 2.25436
4.28923 2.73632 2.25436
4.28923 2.73632 2.25436
4.28923 2.73632 2.25436
4.28923 2.73632 2.25436
4.28923 2.73632 2.25436
4.28923 2.73632 2.25436
4.28923 2.73632 2.25436
4.28923 2.73632 2.25436
4.28923 2.73632 2.25436
4.28923 2.73632 2.25436
4.28923 2.73632 2.25436
4.28923 2.73632 2.25436
4.28923 2.73632 2.25436
4.28923 2.73632 2.25436
4.28923 2.73632 2.25436
4.28923 2.73632 2.25436
4.28923 2.73632 2.25436
4.28923 2.73632 2.25436
4.28923 2.73632 2.25436
4.28923 2.73632 2.25436
4.28923 2.73632 2.25436
8.9696 3.31559 2.7744
8.9696 3.31559 2.7744
8.9696 3.31559 2.7744
8.9696 3.31559 2.7744
8.9696 3.31559 2.7744
8.9696 3.31559 2.7744
8.9696 3.31559 2.7744
8.9696 3.31559 2.7744
8.9696 3.31559 2.7744
8.9696 3.31559 2.7744
8.9696 3.31559 2.7744
8.9696 3.31559 2.7744
8.9696 3.31559 2.7744
8.9696 3.31559 2.7744
8.9696 3.31559 2.7744
8.9696 3.31559 2.7744
8.9696 3.31559 2.7744
8.9696 3.31559 2.7744
8.9696 3.31559 2.7744
8.9696 3.31559 2.7744
8.9696 3.31559 2.7744
8.9696 3.31559 2.7744
8.9696 3.31559 2.7744
8.9696 3.31559 2.7744
8.9696 3.31559 2.7744
8.9696 3.31559 2.7744
8.9696 3.31559 2.7744
8.9696 3.31559 2.7744
8.9696 3.31559 2.7744
8.9696 3.31559 2.7744
8.9696 3.31559 2.7744
8.9696 3.31559 2.7744
8.9696 3.31559 2.7744
20 -8.20414e-09 4
20 -8.20414e-09 4
20 -8.20414e-09 4
20 -8.20414e-09 4
20 -8.20414e-09 4
20 -8.20414e-09 4
20 -8.20414e-09 4
20 -8.20414e-09 4
20 -8.20414e-09 4
20 -8.20414e-09 4
20 -8.20414e-09 4
20 -8.20414e-09 4
20 -8.20414e-09 4
20 -8.20414e-09 4
20 -8.20414e-09 4
20 -8.20414e-09 4
20 -8.20414e-09 4
20 -8.20414e-09 4
20 -8.20414e-09 4
20 -8.20414e-09 4
20 -8.20414e-09 4
20 -8.20414e-09 4
20 -8.20414e-09 4
20 -8.20414e-09 4
20 -8.20414e-09 4
20 -8.20414e-09 4
20 -8.20414e-09 4
20 -8.20414e-09 4
20 -8.20414e-09 4
20 -8.20414e-09 4
20 -8.20414e-09 4
20 -8.20414e-09 4
20 -8.20414e-09 4
8.9696 -3.31559 2.7744
8.9696 -3.31559 2.7744
8.9696 -3.31559 2.7744
8.9696 -3.31559 2.7744
8.9696 -3.31559 2.7744
8.9696 -3.31559 2.7744
8.9696 -3.31559 2.7744
8.9696 -3.31559 2.7744
8.9696 -3.31559 2.7744
8.9696 -3.31559 2.7744
8.9696 -3.31559 2.7744
8.9696 -3.31559 2.7744
8.9696 -3.31559 2.7744
8.9696 -3.31559 2.7744
8.9696 -3.31559 2.7744
8.9696 -3.31559 2.7744
8.9696 -3.31559 2.7744
8.9696 -3.31559 2.7744
8.9696 -3.31559 2.7744
8.9696 -3.31559 2.7744
8.9696 -3.31559 2.7744
8.9696 -3.31559 2.7744
8.9696 -3.31559 2.7744
8.9696 -3.31559 2.7744
8.9696 -3.31559 2.7744
8.9696 -3.31559 2.7744
8.9696 -3.31559 2.7744
8.9696 -3.31559 2.7744
8.9696 -3.31559 2.7744
8.9696 -3.31559 2.7744
8.9696 -3.31559 2.7744
8.9696 -3.31559 2.7744
8.9696 -3.31559 2.7744
4.28923 -2.73632 2.25436
4.28923 -2.73632 2.25436
4.28923 -2.73632 2.25436
4.28923 -2.73632 2.25436
4.28923 -2.73632 2.25436
4.28923 -2.73632 2.25436
4.28923 -2.73632 2.25436
4.28923 -2.73632 2.25436
4.28923 -2.73632 2.25436
4.28923 -2.73632 2.25436
4.28923 -2.73632 2.25436
4.28923 -2.73632 2.25436
4.28923 -2.73632 2.25436
4.28923 -2.73632 2.25436
4.28923 -2.73632 2.25436
4.28923 -2.73632 2.25436
4.28923 -2.73632 2.25436
4.28923 -2.73632 2.25436
4.28923 -2.73632 2.25436
4.28923 -2.73632 2.25436
4.28923 -2.73632 2.25436
4.28923 -2.73632 2.25436
4.28923 -2.73632 2.25436
4.28923 -2.73632 2.25436
4.28923 -2.73632 2.25436
4.28923 -2.73632 2.25436
4.28923 -2.73632 2.25436
4.28923 -2.73632 2.25436
4.28923 -2.73632 2.25436
4.28923 -2.73632 2.25436
4.28923 -2.73632 2.25436
4.28923 -2.73632 2.25436
4.28923 -2.73632 2.25436
2.95448 -2.36551 2.10605
2.95448 -2.36551 2.10605
2.95448 -2.36551 2.10605
2.95448 -2.36551 2.10605
2.95448 -2.36551 2.10605
2.95448 -2.36551 2.10605
2.95448 -2.36551 2.10605
2.95448 -2.36551 2.10605
2.95448 -2.36551 2.10605
2.95448 -2.36551 2.10605
2.95448 -2.36551 2.10605
2.95448 -2.36551 2.10605
2.95448 -2.36551 2.10605
2.95448 -2.36551 2.10605
2.95448 -2.36551 2.10605
2.95448 -2.36551 2.10605
2.95448 -2.36551 2.10605
2.95448 -2.36551 2.10605
2.95448 -2.36551 2.10605
2.95448 -2.36551 2.10605
2.95448 -2.36551 2.10605
2.95448 -2.36551 2.10605
2.95448 -2.36551 2.10605
2.95448 -2.36551 2.10605
2.95448 -2.36551 2.10605
2.95448 -2.36551 2.10605
2.95448 -2.36551 2.10605
2.95448 -2.36551 2.10605
2.95448 -2.36551 2.10605
2.95448 -2.36551 2.10605
2.95448 -2.36551 2.10605
2.95448 -2.36551 2.10605
2.95448 -2.36551 2.10605
2.43902 -2.18153 2.04878
2.43902 -2.18153 2.04878
2.43902 -2.18153 2.04878
2.43902 -2.18153 2.04878
2.43902 -2.18153 2.04878
2.43902 -2.18153 2.04878
2.43902 -2.18153 2.04878
2.43902 -2.18153 2.04878
2.43902 -2.18153 2.04878
2.43902 -2.18153 2.04878
2.43902 -2.18153 2.04878
2.43902 -2.18153 2.04878
2.43902 -2.18153 2.04878
2.43902 -2.18153 2.04878
2.43902 -2.18153 2.04878
2.43902 -2.18153 2.04878
2.43902 -2.18153 2.04878
2.43902 -2.18153 2.04878
2.43902 -2.18153 2.04878
2.43902 -2.18153 2.04878
2.43902 -2.18153 2.04878
2.43902 -2.18153 2.04878
2.43902 -2.18153 2.04878
2.43902 -2.18153 2.04878
2.43902 -2.18153 2.04878
2.43902 -2.18153 2.04878
2.43902 -2.18153 2.04878
2.43902 -2.18153 2.04878
2.43902 -2.18153 2.04878
2.43902 -2.18153 2.04878
2.43902 -2.18153 2.04878
2.43902 -2.18153 2.04878
2.43902 -2.18153 2.04878
2.19869 -2.08539 2.02208
2.19869 -2.08539 2.02208
2.19869 -2.08539 2.02208
2.19869 -2.08539 2.02208
2.19869 -2.08539 2.02208
2.19869 -2.08539 2.02208
2.19869 -2.08539 2.02208
2.19869 -2.08539 2.02208
2.19869 -2.08539 2.02208
2.19869 -2.08539 2.02208
2.19869 -2.08539 2.02208
2.19869 -2.08539 2.02208
2.19869 -2.08539 2.02208
2.19869 -2.08539 2.02208
2.19869 -2.08539 2.02208
2.19869 -2.08539 2.02208
2.19869 -2.08539 2.02208
2.19869 -2.08539 2.02208
2.19869 -2.08539 2.02208
2.19869 -2.08539 2.02208
2.19869 -2.08539 2.02208
2.19869 -2.08539 2.02208
2.19869 -2.08539 2.02208
2.19869 -2.08539 2.02208
2.19869 -2.08539 2.02208
2.19869 -2.08539 2.02208
2.19869 -2.08539 2.02208
2.19869 -2.08539 2.02208
2.19869 -2.08539 2.02208
2.19869 -2.08539 2.02208
2.19869 -2.08539 2.02208
2.19869 -2.08539 2.02208
2.19869 -2.08539 2.02208
2.07688 -2.03372 2.00854
2.07688 -2.03372 2.00854
2.07688 -2.03372 2.00854
2.07688 -2.03372 2.00854
2.07688 -2.03372 2.00854
2.07688 -2.03372 2.00854
2.07688 -2.03372 2.00854
2.07688 -2.03372 2.00854
2.07688 -2.03372 2.00854
2.07688 -2.03372 2.00854
2.07688 -2.03372 2.00854
2.07688 -2.03372 2.00854
2.07688 -2.03372 2.00854
2.07688 -2.03372 2.00854
2.07688 -2.03372 2.00854
2.07688 -2.03372 2.00854
2.07688 -2.03372 2.00854
2.07688 -2.03372 2.00854
2.07688 -2.03372 2.00854
2.07688 -2.03372 2.00854
2.07688 -2.03372 2.00854
2.07688 -2.03372 2.00854
2.07688 -2.03372 2.00854
2.07688 -2.03372 2.00854
2.07688 -2.03372 2.00854
2.07688 -2.03372 2.00854
2.07688 -2.03372 2.00854
2.07688 -2.03372 2.00854
2.07688 -2.03372 2.00854
2.07688 -2.03372 2.00854
2.07688 -2.03372 2.00854
2.07688 -2.03372 2.00854
2.07688 -2.03372 2.00854
2.01779 -2.00788 2.00198
2.01779 -2.00788 2.00198
2.01779 -2.00788 2.00198
2.01779 -2.00788 2.00198
2.01779 -2.00788 2.00198
2.01779 -2.00788 2.00198
2.01779 -2.00788 2.00198
2.01779 -2.00788 2.00198
2.01779 -2.00788 2.00198
2.01779 -2.00788 2.00198
2.01779 -2.00788 2.00198
2.01779 -2.00788 2.00198
2.01779 -2.00788 2.00198
2.01779 -2.00788 2.00198
2.01779 -2.00788 2.00198
2.01779 -2.00788 2.00198
2.01779 -2.00788 2.00198
2.01779 -2.00788 2.00198
2.01779 -2.00788 2.00198
2.01779 -2.00788 2.00198
2.01779 -2.00788 2.00198
2.01779 -2.00788 2.00198
2.01779 -2.00788 2.00198
2.01779 -2.00788 2.00198
2.01779 -2.00788 2.00198
2.01779 -2.00788 2.00198
2.01779 -2.00788 2.00198
2.01779 -2.00788 2.00198
2.01779 -2.00788 2.00198
2.01779 -2.00788 2.00198
2.01779 -2.00788 2.00198
2.01779 -2.00788 2.00198
2.01779 -2.00788 2.00198
2 -2 2
2 -2 2
2 -2 2
2 -2 2
2 -2 2
2 -2 2
2 -2 2
2 -2 2
2 -2 2
2 -2 2
2 -2 2
2 -2 2
2 -2 2
2 -2 2
2 -2 2
2 -2 2
2 -2 2
2 -2 2
2 -2 2
2 -2 2
2 -2 2
2 -2 2
2 -2 2
2 -2 2
2 -2 2
2 -2 2
2 -2 2
2 -2 2
2 -2 2
2 -2 2
2 -2 2
2 -2 2
2 -2 2
