nTh: 17, nPh: 33
1e-05 0 1.47817e-12
1e-05 0.19635 1.5219e-12
1e-05 0.392699 1.56441e-12
1e-05 0.589049 1.60408e-12
1e-05 0.785398 1.63937e-12
1e-05 0.981748 1.66572e-12
1e-05 1.1781 1.68533e-12
1e-05 1.37445 1.69744e-12
1e-05 1.5708 1.70159e-12
1e-05 1.76715 1.70209e-12
1e-05 1.9635 1.69444e-12
1e-05 2.15984 1.67895e-12
1e-05 2.35619 1.65621e-12
1e-05 2.55254 1.62337e-12
1e-05 2.74889 1.58542e-12
1e-05 2.94524 1.54381e-12
1e-05 3.14159 1.50015e-12
1e-05 3.33794 1.45586e-12
1e-05 3.53429 1.4129e-12
1e-05 3.73064 1.37292e-12
1e-05 3.92699 1.33744e-12
1e-05 4.12334 1.31126e-12
1e-05 4.31969 1.29197e-12
1e-05 4.51604 1.2803e-12
1e-05 4.71239 1.27669e-12
1e-05 4.90874 1.27585e-12
1e-05 5.10509 1.28325e-12
1e-05 5.30144 1.29861e-12
1e-05 5.49779 1.32133e-12
1e-05 5.69414 1.3542e-12
1e-05 5.89049 1.39229e-12
1e-05 6.08684 1.43415e-12
1e-05 6.28319 1.47817e-12
0.19635 0 -6.47349e-11
0.19635 0.19635 1.16961e-09
0.19635 0.392699 2.34874e-09
0.19635 0.589049 3.36808e-09
0.19635 0.785398 3.91537e-09
0.19635 0.981748 4.22788e-09
0.19635 1.1781 4.25506e-09
0.19635 1.37445 4.01523e-09
0.19635 1.5708 3.53485e-09
0.19635 1.76715 3.57585e-09
0.19635 1.9635 3.60981e-09
0.19635 2.15984 3.82641e-09
0.19635 2.35619 3.52366e-09
0.19635 2.55254 2.96927e-09
0.19635 2.74889 2.08143e-09
0.19635 2.94524 1.09807e-09
0.19635 3.14159 8.29775e-12
0.19635 3.33794 -1.09223e-09
0.19635 3.53429 -2.08651e-09
0.19635 3.73064 -2.96464e-09
0.19635 3.92699 -3.49914e-09
0.19635 4.12334 -3.79085e-09
0.19635 4.31969 -3.51682e-09
0.19635 4.51604 -3.4793e-09
0.19635 4.71239 -3.44534e-09
0.19635 4.90874 -3.97885e-09
0.19635 5.10509 -4.2352e-09
0.19635 5.30144 -4.18098e-09
0.19635 5.49779 -3.87218e-09
0.19635 5.69414 -3.34505e-09
0.19635 5.89049 -2.37442e-09
0.19635 6.08684 -1.25133e-09
0.19635 6.28319 -6.47349e-11
0.392699 0 -1.44482e-10
0.392699 0.19635 2.05608e-09
0.392699 0.392699 3.40538e-09
0.392699 0.589049 4.39543e-09
0.392699 0.785398 4.94621e-09
0.392699 0.981748 5.93276e-09
0.392699 1.1781 6.22292e-09
0.392699 1.37445 5.69081e-09
0.392699 1.5708 5.11022e-09
0.392699 1.76715 5.16431e-09
0.392699 1.9635 5.45952e-09
0.392699 2.15984 5.01679e-09
0.392699 2.35619 3.6842e-09
0.392699 2.55254 3.14666e-09
0.392699 2.74889 2.60391e-09
0.392699 2.94524 1.63178e-09
0.392699 3.14159 -2.60342e-11
0.392699 3.33794 -1.72001e-09
0.392699 3.53429 -2.6313e-09
0.392699 3.73064 -3.02962e-09
0.392699 3.92699 -3.66379e-09
0.392699 4.12334 -4.99499e-09
0.392699 4.31969 -5.43119e-09
0.392699 4.51604 -4.93369e-09
0.392699 4.71239 -5.05701e-09
0.392699 4.90874 -5.72543e-09
0.392699 5.10509 -6.17801e-09
0.392699 5.30144 -5.84815e-09
0.392699 5.49779 -4.9001e-09
0.392699 5.69414 -4.30284e-09
0.392699 5.89049 -3.31402e-09
0.392699 6.08684 -2.10672e-09
0.392699 6.28319 -1.44482e-10
0.589049 0 -7.8127e-11
0.589049 0.19635 1.46593e-09
0.589049 0.392699 1.67661e-09
0.589049 0.589049 1.3139e-09
0.589049 0.785398 1.47734e-09
0.589049 0.981748 1.77895e-09
0.589049 1.1781 1.45557e-09
0.589049 1.37445 5.94783e-10
0.589049 1.5708 5.1367e-10
0.589049 1.76715 -1.06749e-10
0.589049 1.9635 4.16925e-11
0.589049 2.15984 -1.70872e-10
0.589049 2.35619 8.44288e-11
0.589049 2.55254 2.23009e-10
0.589049 2.74889 4.22272e-10
0.589049 2.94524 5.62846e-10
0.589049 3.14159 7.53345e-11
0.589049 3.33794 -6.208e-10
0.589049 3.53429 -4.71247e-10
0.589049 3.73064 -2.33059e-10
0.589049 3.92699 -1.35139e-10
0.589049 4.12334 1.59185e-10
0.589049 4.31969 -7.67417e-11
0.589049 4.51604 1.12723e-10
0.589049 4.71239 -5.35911e-10
0.589049 4.90874 -5.54697e-10
0.589049 5.10509 -1.46779e-09
0.589049 5.30144 -1.75564e-09
0.589049 5.49779 -1.45415e-09
0.589049 5.69414 -1.32008e-09
0.589049 5.89049 -1.64353e-09
0.589049 6.08684 -1.40775e-09
0.589049 6.28319 -7.8127e-11
0.785398 0 -2.95771e-11
0.785398 0.19635 -1.38496e-10
0.785398 0.392699 -3.44043e-10
0.785398 0.589049 -3.7353e-10
0.785398 0.785398 -3.91608e-10
0.785398 0.981748 -2.64845e-10
0.785398 1.1781 -6.39912e-10
0.785398 1.37445 -1.18178e-09
0.785398 1.5708 -1.92544e-09
0.785398 1.76715 -2.3318e-09
0.785398 1.9635 -1.81014e-09
0.785398 2.15984 -1.53155e-09
0.785398 2.35619 -1.2963e-09
0.785398 2.55254 -1.38029e-09
0.785398 2.74889 -8.63452e-10
0.785398 2.94524 -4.15207e-10
0.785398 3.14159 1.0099e-11
0.785398 3.33794 5.66675e-10
0.785398 3.53429 8.27849e-10
0.785398 3.73064 1.25647e-09
0.785398 3.92699 1.24338e-09
0.785398 4.12334 1.93508e-09
0.785398 4.31969 1.84664e-09
0.785398 4.51604 2.23585e-09
0.785398 4.71239 1.8628e-09
0.785398 4.90874 1.19665e-09
0.785398 5.10509 7.06333e-10
0.785398 5.30144 2.76633e-10
0.785398 5.49779 3.6389e-10
0.785398 5.69414 3.90793e-10
0.785398 5.89049 3.11666e-10
0.785398 6.08684 1.48775e-10
0.785398 6.28319 -2.95771e-11
0.981748 0 9.88951e-12
0.981748 0.19635 -3.21667e-12
0.981748 0.392699 1.9293e-11
0.981748 0.589049 1.348e-10
0.981748 0.785398 3.40431e-10
0.981748 0.981748 3.86702e-10
0.981748 1.1781 3.31102e-10
0.981748 1.37445 3.45477e-10
0.981748 1.5708 5.05655e-10
0.981748 1.76715 3.52706e-10
0.981748 1.9635 4.13748e-10
0.981748 2.15984 4.11027e-10
0.981748 2.35619 4.44423e-10
0.981748 2.55254 1.77162e-10
0.981748 2.74889 7.74549e-11
0.981748 2.94524 -5.93626e-11
0.981748 3.14159 -1.40372e-11
0.981748 3.33794 5.67822e-11
0.981748 3.53429 -2.65004e-11
0.981748 3.73064 -2.53035e-10
0.981748 3.92699 -4.47065e-10
0.981748 4.12334 -3.69297e-10
0.981748 4.31969 -4.11064e-10
0.981748 4.51604 -3.57527e-10
0.981748 4.71239 -4.84573e-10
0.981748 4.90874 -3.44669e-10
0.981748 5.10509 -3.81414e-10
0.981748 5.30144 -3.63767e-10
0.981748 5.49779 -3.40002e-10
0.981748 5.69414 -1.06965e-10
0.981748 5.89049 -1.78793e-11
0.981748 6.08684 -2.39725e-11
0.981748 6.28319 9.88951e-12
1.1781 0 -1.71122e-11
1.1781 0.19635 1.91161e-11
1.1781 0.392699 1.00491e-11
1.1781 0.589049 1.75131e-11
1.1781 0.785398 -7.45864e-11
1.1781 0.981748 -5.80638e-11
1.1781 1.1781 -1.46553e-10
1.1781 1.37445 -1.18245e-10
1.1781 1.5708 -1.0146e-10
1.1781 1.76715 -9.47466e-11
1.1781 1.9635 -6.46601e-11
1.1781 2.15984 -6.89376e-11
1.1781 2.35619 -9.45463e-11
1.1781 2.55254 -1.09674e-11
1.1781 2.74889 -3.11801e-11
1.1781 2.94524 -3.8847e-11
1.1781 3.14159 2.07232e-11
1.1781 3.33794 7.9648e-11
1.1781 3.53429 3.78147e-12
1.1781 3.73064 5.53251e-13
1.1781 3.92699 5.99746e-11
1.1781 4.12334 6.97844e-11
1.1781 4.31969 7.80786e-11
1.1781 4.51604 8.36209e-11
1.1781 4.71239 1.01667e-10
1.1781 4.90874 1.2573e-10
1.1781 5.10509 1.48448e-10
1.1781 5.30144 3.37328e-11
1.1781 5.49779 8.08571e-11
1.1781 5.69414 1.08266e-11
1.1781 5.89049 3.60738e-11
1.1781 6.08684 -6.43015e-12
1.1781 6.28319 -1.71122e-11
1.37445 0 -1.38959e-12
1.37445 0.19635 -2.49358e-11
1.37445 0.392699 -3.12957e-11
1.37445 0.589049 -6.17877e-11
1.37445 0.785398 -4.94431e-11
1.37445 0.981748 -8.45241e-11
1.37445 1.1781 -6.76882e-11
1.37445 1.37445 -7.16429e-11
1.37445 1.5708 -7.74792e-11
1.37445 1.76715 -7.90674e-11
1.37445 1.9635 -6.71353e-11
1.37445 2.15984 -6.38551e-11
1.37445 2.35619 -3.14124e-11
1.37445 2.55254 -3.02577e-11
1.37445 2.74889 -4.38608e-11
1.37445 2.94524 -4.16152e-11
1.37445 3.14159 6.43301e-13
1.37445 3.33794 3.3196e-11
1.37445 3.53429 4.07456e-11
1.37445 3.73064 3.95605e-11
1.37445 3.92699 4.35892e-11
1.37445 4.12334 6.56816e-11
1.37445 4.31969 7.44592e-11
1.37445 4.51604 7.33592e-11
1.37445 4.71239 7.32567e-11
1.37445 4.90874 6.55483e-11
1.37445 5.10509 6.69357e-11
1.37445 5.30144 8.29633e-11
1.37445 5.49779 5.52657e-11
1.37445 5.69414 5.82027e-11
1.37445 5.89049 3.17819e-11
1.37445 6.08684 2.38119e-11
1.37445 6.28319 -1.38959e-12
1.5708 0 2.38823e-13
1.5708 0.19635 3.42135e-11
1.5708 0.392699 4.01308e-11
1.5708 0.589049 2.65988e-11
1.5708 0.785398 5.18811e-12
1.5708 0.981748 5.64824e-12
1.5708 1.1781 -4.86326e-11
1.5708 1.37445 2.23002e-11
1.5708 1.5708 1.71795e-11
1.5708 1.76715 1.38331e-11
1.5708 1.9635 1.7172e-11
1.5708 2.15984 1.42844e-11
1.5708 2.35619 -2.97821e-12
1.5708 2.55254 4.5071e-12
1.5708 2.74889 2.22902e-11
1.5708 2.94524 3.23535e-11
1.5708 3.14159 -3.80506e-12
1.5708 3.33794 -3.04933e-11
1.5708 3.53429 -2.00497e-11
1.5708 3.73064 -3.0914e-12
1.5708 3.92699 3.47219e-12
1.5708 4.12334 -1.41332e-11
1.5708 4.31969 -1.77926e-11
1.5708 4.51604 -1.41887e-11
1.5708 4.71239 -1.9617e-11
1.5708 4.90874 -2.20772e-11
1.5708 5.10509 5.13405e-11
1.5708 5.30144 -9.06131e-12
1.5708 5.49779 -5.91708e-12
1.5708 5.69414 -2.48969e-11
1.5708 5.89049 -4.03579e-11
1.5708 6.08684 -3.29942e-11
1.5708 6.28319 2.38823e-13
1.76715 0 -2.61597e-13
1.76715 0.19635 -1.88131e-11
1.76715 0.392699 -3.63674e-11
1.76715 0.589049 -6.1336e-11
1.76715 0.785398 -6.33601e-11
1.76715 0.981748 -8.129e-11
1.76715 1.1781 -6.65222e-11
1.76715 1.37445 -6.80033e-11
1.76715 1.5708 -7.19907e-11
1.76715 1.76715 -7.07749e-11
1.76715 1.9635 -7.34091e-11
1.76715 2.15984 -6.98465e-11
1.76715 2.35619 -3.64976e-11
1.76715 2.55254 -4.07102e-11
1.76715 2.74889 -3.70755e-11
1.76715 2.94524 -4.28516e-11
1.76715 3.14159 -3.42932e-12
1.76715 3.33794 2.98429e-11
1.76715 3.53429 4.46964e-11
1.76715 3.73064 3.46656e-11
1.76715 3.92699 3.3095e-11
1.76715 4.12334 6.44495e-11
1.76715 4.31969 6.62164e-11
1.76715 4.51604 7.81126e-11
1.76715 4.71239 7.53529e-11
1.76715 4.90874 7.10061e-11
1.76715 5.10509 6.60934e-11
1.76715 5.30144 8.14908e-11
1.76715 5.49779 5.49438e-11
1.76715 5.69414 6.16487e-11
1.76715 5.89049 3.48718e-11
1.76715 6.08684 2.5001e-11
1.76715 6.28319 -2.61598e-13
1.9635 0 3.29737e-11
1.9635 0.19635 2.56753e-11
1.9635 0.392699 -3.2055e-11
1.9635 0.589049 -2.24049e-12
1.9635 0.785398 -9.00031e-11
1.9635 0.981748 -4.88199e-11
1.9635 1.1781 -1.48291e-10
1.9635 1.37445 -1.29869e-10
1.9635 1.5708 -1.01982e-10
1.9635 1.76715 -8.2941e-11
1.9635 1.9635 -8.36527e-11
1.9635 2.15984 -8.67988e-11
1.9635 2.35619 -6.32233e-11
1.9635 2.55254 -9.80942e-12
1.9635 2.74889 -2.98404e-11
1.9635 2.94524 -4.59897e-11
1.9635 3.14159 9.17319e-12
1.9635 3.33794 1.75523e-11
1.9635 3.53429 3.36645e-11
1.9635 3.73064 -1.19576e-11
1.9635 3.92699 8.30846e-11
1.9635 4.12334 7.58243e-11
1.9635 4.31969 6.67321e-11
1.9635 4.51604 9.48834e-11
1.9635 4.71239 1.08281e-10
1.9635 4.90874 1.21117e-10
1.9635 5.10509 1.34769e-10
1.9635 5.30144 5.8557e-11
1.9635 5.49779 8.06098e-11
1.9635 5.69414 -7.13889e-12
1.9635 5.89049 3.45602e-11
1.9635 6.08684 -3.17131e-11
1.9635 6.28319 3.29737e-11
2.15984 0 -1.80103e-11
2.15984 0.19635 2.15464e-11
2.15984 0.392699 1.30613e-11
2.15984 0.589049 1.61231e-10
2.15984 0.785398 3.4395e-10
2.15984 0.981748 3.62452e-10
2.15984 1.1781 3.19402e-10
2.15984 1.37445 3.77003e-10
2.15984 1.5708 5.44063e-10
2.15984 1.76715 4.51624e-10
2.15984 1.9635 4.10405e-10
2.15984 2.15984 4.14177e-10
2.15984 2.35619 4.65264e-10
2.15984 2.55254 1.61155e-10
2.15984 2.74889 7.93783e-11
2.15984 2.94524 -6.38926e-11
2.15984 3.14159 2.34772e-11
2.15984 3.33794 4.79962e-11
2.15984 3.53429 -1.49017e-11
2.15984 3.73064 -2.45282e-10
2.15984 3.92699 -4.60782e-10
2.15984 4.12334 -4.17129e-10
2.15984 4.31969 -4.14923e-10
2.15984 4.51604 -3.50126e-10
2.15984 4.71239 -5.38556e-10
2.15984 4.90874 -3.99686e-10
2.15984 5.10509 -3.85661e-10
2.15984 5.30144 -4.00394e-10
2.15984 5.49779 -3.3783e-10
2.15984 5.69414 -1.15695e-10
2.15984 5.89049 -2.15033e-11
2.15984 6.08684 3.7788e-11
2.15984 6.28319 -1.80103e-11
2.35619 0 1.85851e-11
2.35619 0.19635 -1.15624e-10
2.35619 0.392699 -2.92609e-10
2.35619 0.589049 -3.70121e-10
2.35619 0.785398 -3.60066e-10
2.35619 0.981748 -2.7849e-10
2.35619 1.1781 -5.92128e-10
2.35619 1.37445 -1.18276e-09
2.35619 1.5708 -2.07478e-09
2.35619 1.76715 -2.20858e-09
2.35619 1.9635 -1.55569e-09
2.35619 2.15984 -1.9831e-09
2.35619 2.35619 -1.40602e-09
2.35619 2.55254 -8.83947e-10
2.35619 2.74889 -5.64043e-10
2.35619 2.94524 -4.70654e-10
2.35619 3.14159 -3.146e-11
2.35619 3.33794 4.91507e-10
2.35619 3.53429 8.55831e-10
2.35619 3.73064 1.42508e-09
2.35619 3.92699 1.35707e-09
2.35619 4.12334 1.54084e-09
2.35619 4.31969 1.56628e-09
2.35619 4.51604 2.03215e-09
2.35619 4.71239 2.07146e-09
2.35619 4.90874 1.20617e-09
2.35619 5.10509 5.92123e-10
2.35619 5.30144 2.66807e-10
2.35619 5.49779 4.07972e-10
2.35619 5.69414 3.79475e-10
2.35619 5.89049 3.08098e-10
2.35619 6.08684 5.61418e-11
2.35619 6.28319 1.85851e-11
2.55254 0 8.09594e-11
2.55254 0.19635 1.38174e-09
2.55254 0.392699 1.6344e-09
2.55254 0.589049 1.34456e-09
2.55254 0.785398 1.4901e-09
2.55254 0.981748 1.83113e-09
2.55254 1.1781 1.54295e-09
2.55254 1.37445 1.07694e-09
2.55254 1.5708 4.59388e-10
2.55254 1.76715 -6.4905e-11
2.55254 1.9635 1.30552e-10
2.55254 2.15984 -1.38442e-10
2.55254 2.35619 1.0628e-10
2.55254 2.55254 2.27304e-10
2.55254 2.74889 4.33021e-10
2.55254 2.94524 6.59533e-10
2.55254 3.14159 -9.45847e-11
2.55254 3.33794 -5.85063e-10
2.55254 3.53429 -4.27436e-10
2.55254 3.73064 -2.12036e-10
2.55254 3.92699 -1.28466e-10
2.55254 4.12334 1.22635e-10
2.55254 4.31969 -1.25231e-10
2.55254 4.51604 7.06097e-11
2.55254 4.71239 -4.72681e-10
2.55254 4.90874 -8.83386e-10
2.55254 5.10509 -1.57017e-09
2.55254 5.30144 -1.82577e-09
2.55254 5.49779 -1.50366e-09
2.55254 5.69414 -1.3747e-09
2.55254 5.89049 -1.66578e-09
2.55254 6.08684 -1.42171e-09
2.55254 6.28319 8.09594e-11
2.74889 0 1.92576e-10
2.74889 0.19635 2.25717e-09
2.74889 0.392699 3.32014e-09
2.74889 0.589049 4.17848e-09
2.74889 0.785398 4.85837e-09
2.74889 0.981748 5.58122e-09
2.74889 1.1781 5.89116e-09
2.74889 1.37445 5.71363e-09
2.74889 1.5708 4.91111e-09
2.74889 1.76715 4.90737e-09
2.74889 1.9635 5.4556e-09
2.74889 2.15984 4.95369e-09
2.74889 2.35619 3.628e-09
2.74889 2.55254 2.97456e-09
2.74889 2.74889 2.64442e-09
2.74889 2.94524 1.80293e-09
2.74889 3.14159 6.32342e-11
2.74889 3.33794 -1.61564e-09
2.74889 3.53429 -2.6051e-09
2.74889 3.73064 -3.09192e-09
2.74889 3.92699 -3.6559e-09
2.74889 4.12334 -4.94403e-09
2.74889 4.31969 -5.4284e-09
2.74889 4.51604 -4.97824e-09
2.74889 4.71239 -5.0785e-09
2.74889 4.90874 -5.68859e-09
2.74889 5.10509 -5.95707e-09
2.74889 5.30144 -5.70177e-09
2.74889 5.49779 -4.94412e-09
2.74889 5.69414 -4.26032e-09
2.74889 5.89049 -3.36742e-09
2.74889 6.08684 -2.08252e-09
2.74889 6.28319 1.92576e-10
2.94524 0 1.02934e-10
2.94524 0.19635 1.09904e-09
2.94524 0.392699 2.12206e-09
2.94524 0.589049 3.14341e-09
2.94524 0.785398 3.8078e-09
2.94524 0.981748 4.1109e-09
2.94524 1.1781 4.03602e-09
2.94524 1.37445 3.78966e-09
2.94524 1.5708 3.3086e-09
2.94524 1.76715 3.44774e-09
2.94524 1.9635 3.51533e-09
2.94524 2.15984 3.73675e-09
2.94524 2.35619 3.51423e-09
2.94524 2.55254 3.02855e-09
2.94524 2.74889 2.11619e-09
2.94524 2.94524 1.08488e-09
2.94524 3.14159 -2.53273e-11
2.94524 3.33794 -1.10428e-09
2.94524 3.53429 -2.10161e-09
2.94524 3.73064 -3.0099e-09
2.94524 3.92699 -3.52807e-09
2.94524 4.12334 -3.7872e-09
2.94524 4.31969 -3.63663e-09
2.94524 4.51604 -3.56994e-09
2.94524 4.71239 -3.39429e-09
2.94524 4.90874 -3.78754e-09
2.94524 5.10509 -4.00545e-09
2.94524 5.30144 -4.15438e-09
2.94524 5.49779 -3.89721e-09
2.94524 5.69414 -3.34831e-09
2.94524 5.89049 -2.29646e-09
2.94524 6.08684 -1.11448e-09
2.94524 6.28319 1.02934e-10
3.14158 0 -5.69811e-12
3.14158 0.19635 -5.64913e-12
3.14158 0.392699 -5.60252e-12
3.14158 0.589049 -5.56008e-12
3.14158 0.785398 -5.52344e-12
3.14158 0.981748 -5.49819e-12
3.14158 1.1781 -5.48111e-12
3.14158 1.37445 -5.47287e-12
3.14158 1.5708 -5.47377e-12
3.14158 1.76715 -5.47909e-12
3.14158 1.9635 -5.49332e-12
3.14158 2.15984 -5.51592e-12
3.14158 2.35619 -5.54601e-12
3.14158 2.55254 -5.58642e-12
3.14158 2.74889 -5.63162e-12
3.14158 2.94524 -5.67987e-12
3.14158 3.14159 -5.72932e-12
3.14158 3.33794 -5.77948e-12
3.14158 3.53429 -5.82701e-12
3.14158 3.73064 -5.87008e-12
3.14158 3.92699 -5.90703e-12
3.14158 4.12334 -5.93173e-12
3.14158 4.31969 -5.94795e-12
3.14158 4.51604 -5.95505e-12
3.14158 4.71239 -5.95278e-12
3.14158 4.90874 -5.94838e-12
3.14158 5.10509 -5.93485e-12
3.14158 5.30144 -5.91273e-12
3.14158 5.49779 -5.88285e-12
3.14158 5.69414 -5.84246e-12
3.14158 5.89049 -5.79703e-12
3.14158 6.08684 -5.74829e-12
3.14158 6.28319 -5.69811e-12
