1e-05 0 0
1e-05 0.19635 0
1e-05 0.392699 0
1e-05 0.589049 0
1e-05 0.785398 0
1e-05 0.981748 0
1e-05 1.1781 0
1e-05 1.37445 0
1e-05 1.5708 0
1e-05 1.76715 0
1e-05 1.9635 0
1e-05 2.15984 0
1e-05 2.35619 0
1e-05 2.55254 0
1e-05 2.74889 0
1e-05 2.94524 0
1e-05 3.14159 0
1e-05 3.33794 0
1e-05 3.53429 0
1e-05 3.73064 0
1e-05 3.92699 0
1e-05 4.12334 0
1e-05 4.31969 0
1e-05 4.51604 0
1e-05 4.71239 0
1e-05 4.90874 0
1e-05 5.10509 0
1e-05 5.30144 0
1e-05 5.49779 0
1e-05 5.69414 0
1e-05 5.89049 0
1e-05 6.08684 0
1e-05 6.28319 0
0.19635 0 -101793
0.19635 0.19635 -101659
0.19635 0.392699 -101543
0.19635 0.589049 -101443
0.19635 0.785398 -101356
0.19635 0.981748 -101281
0.19635 1.1781 -101216
0.19635 1.37445 -101160
0.19635 1.5708 -101112
0.19635 1.76715 -101071
0.19635 1.9635 -101037
0.19635 2.15984 -101009
0.19635 2.35619 -100986
0.19635 2.55254 -100969
0.19635 2.74889 -100956
0.19635 2.94524 -100949
0.19635 3.14159 -100946
0.19635 3.33794 -100948
0.19635 3.53429 -100955
0.19635 3.73064 -100967
0.19635 3.92699 -100984
0.19635 4.12334 -101006
0.19635 4.31969 -101033
0.19635 4.51604 -101067
0.19635 4.71239 -101108
0.19635 4.90874 -101156
0.19635 5.10509 -101212
0.19635 5.30144 -101277
0.19635 5.49779 -101352
0.19635 5.69414 -101440
0.19635 5.89049 -101541
0.19635 6.08684 -101658
0.19635 6.28319 -101793
0.392699 0 -137396
0.392699 0.19635 -137239
0.392699 0.392699 -137104
0.392699 0.589049 -136986
0.392699 0.785398 -136883
0.392699 0.981748 -136794
0.392699 1.1781 -136716
0.392699 1.37445 -136649
0.392699 1.5708 -136591
0.392699 1.76715 -136541
0.392699 1.9635 -136500
0.392699 2.15984 -136465
0.392699 2.35619 -136438
0.392699 2.55254 -136416
0.392699 2.74889 -136401
0.392699 2.94524 -136392
0.392699 3.14159 -136389
0.392699 3.33794 -136391
0.392699 3.53429 -136400
0.392699 3.73064 -136414
0.392699 3.92699 -136434
0.392699 4.12334 -136461
0.392699 4.31969 -136495
0.392699 4.51604 -136536
0.392699 4.71239 -136585
0.392699 4.90874 -136643
0.392699 5.10509 -136710
0.392699 5.30144 -136788
0.392699 5.49779 -136878
0.392699 5.69414 -136982
0.392699 5.89049 -137101
0.392699 6.08684 -137237
0.392699 6.28319 -137396
0.589049 0 -160096
0.589049 0.19635 -159956
0.589049 0.392699 -159832
0.589049 0.589049 -159723
0.589049 0.785398 -159625
0.589049 0.981748 -159539
0.589049 1.1781 -159463
0.589049 1.37445 -159397
0.589049 1.5708 -159340
0.589049 1.76715 -159290
0.589049 1.9635 -159248
0.589049 2.15984 -159213
0.589049 2.35619 -159185
0.589049 2.55254 -159163
0.589049 2.74889 -159148
0.589049 2.94524 -159138
0.589049 3.14159 -159135
0.589049 3.33794 -159137
0.589049 3.53429 -159146
0.589049 3.73064 -159160
0.589049 3.92699 -159181
0.589049 4.12334 -159209
0.589049 4.31969 -159243
0.589049 4.51604 -159284
0.589049 4.71239 -159333
0.589049 4.90874 -159391
0.589049 5.10509 -159457
0.589049 5.30144 -159533
0.589049 5.49779 -159619
0.589049 5.69414 -159718
0.589049 5.89049 -159829
0.589049 6.08684 -159954
0.589049 6.28319 -160096
0.785398 0 -177643
0.785398 0.19635 -177538
0.785398 0.392699 -177442
0.785398 0.589049 -177354
0.785398 0.785398 -177275
0.785398 0.981748 -177203
0.785398 1.1781 -177140
0.785398 1.37445 -177083
0.785398 1.5708 -177033
0.785398 1.76715 -176989
0.785398 1.9635 -176952
0.785398 2.15984 -176921
0.785398 2.35619 -176895
0.785398 2.55254 -176876
0.785398 2.74889 -176862
0.785398 2.94524 -176853
0.785398 3.14159 -176850
0.785398 3.33794 -176852
0.785398 3.53429 -176860
0.785398 3.73064 -176873
0.785398 3.92699 -176892
0.785398 4.12334 -176916
0.785398 4.31969 -176947
0.785398 4.51604 -176983
0.785398 4.71239 -177026
0.785398 4.90874 -177076
0.785398 5.10509 -177133
0.785398 5.30144 -177197
0.785398 5.49779 -177269
0.785398 5.69414 -177349
0.785398 5.89049 -177438
0.785398 6.08684 -177536
0.785398 6.28319 -177643
0.981748 0 -192490
0.981748 0.19635 -192424
0.981748 0.392699 -192362
0.981748 0.589049 -192303
0.981748 0.785398 -192249
0.981748 0.981748 -192199
0.981748 1.1781 -192154
0.981748 1.37445 -192113
0.981748 1.5708 -192076
0.981748 1.76715 -192043
0.981748 1.9635 -192015
0.981748 2.15984 -191991
0.981748 2.35619 -191972
0.981748 2.55254 -191956
0.981748 2.74889 -191945
0.981748 2.94524 -191939
0.981748 3.14159 -191936
0.981748 3.33794 -191938
0.981748 3.53429 -191944
0.981748 3.73064 -191954
0.981748 3.92699 -191968
0.981748 4.12334 -191987
0.981748 4.31969 -192010
0.981748 4.51604 -192038
0.981748 4.71239 -192070
0.981748 4.90874 -192107
0.981748 5.10509 -192148
0.981748 5.30144 -192194
0.981748 5.49779 -192244
0.981748 5.69414 -192299
0.981748 5.89049 -192358
0.981748 6.08684 -192422
0.981748 6.28319 -192490
1.1781 0 -205226
1.1781 0.19635 -205195
1.1781 0.392699 -205164
1.1781 0.589049 -205135
1.1781 0.785398 -205107
1.1781 0.981748 -205080
1.1781 1.1781 -205055
1.1781 1.37445 -205032
1.1781 1.5708 -205011
1.1781 1.76715 -204992
1.1781 1.9635 -204976
1.1781 2.15984 -204961
1.1781 2.35619 -204950
1.1781 2.55254 -204940
1.1781 2.74889 -204933
1.1781 2.94524 -204929
1.1781 3.14159 -204928
1.1781 3.33794 -204929
1.1781 3.53429 -204932
1.1781 3.73064 -204938
1.1781 3.92699 -204947
1.1781 4.12334 -204958
1.1781 4.31969 -204972
1.1781 4.51604 -204988
1.1781 4.71239 -205007
1.1781 4.90874 -205028
1.1781 5.10509 -205051
1.1781 5.30144 -205076
1.1781 5.49779 -205103
1.1781 5.69414 -205132
1.1781 5.89049 -205162
1.1781 6.08684 -205194
1.1781 6.28319 -205226
1.37445 0 -214828
1.37445 0.19635 -214820
1.37445 0.392699 -214811
1.37445 0.589049 -214802
1.37445 0.785398 -214793
1.37445 0.981748 -214784
1.37445 1.1781 -214775
1.37445 1.37445 -214767
1.37445 1.5708 -214759
1.37445 1.76715 -214752
1.37445 1.9635 -214745
1.37445 2.15984 -214739
1.37445 2.35619 -214735
1.37445 2.55254 -214731
1.37445 2.74889 -214728
1.37445 2.94524 -214726
1.37445 3.14159 -214725
1.37445 3.33794 -214726
1.37445 3.53429 -214727
1.37445 3.73064 -214730
1.37445 3.92699 -214733
1.37445 4.12334 -214738
1.37445 4.31969 -214743
1.37445 4.51604 -214750
1.37445 4.71239 -214757
1.37445 4.90874 -214765
1.37445 5.10509 -214773
1.37445 5.30144 -214782
1.37445 5.49779 -214792
1.37445 5.69414 -214801
1.37445 5.89049 -214810
1.37445 6.08684 -214819
1.37445 6.28319 -214828
1.5708 0 -218632
1.5708 0.19635 -218632
1.5708 0.392699 -218631
1.5708 0.589049 -218629
1.5708 0.785398 -218627
1.5708 0.981748 -218624
1.5708 1.1781 -218621
1.5708 1.37445 -218618
1.5708 1.5708 -218615
1.5708 1.76715 -218612
1.5708 1.9635 -218610
1.5708 2.15984 -218607
1.5708 2.35619 -218605
1.5708 2.55254 -218603
1.5708 2.74889 -218602
1.5708 2.94524 -218601
1.5708 3.14159 -218601
1.5708 3.33794 -218601
1.5708 3.53429 -218602
1.5708 3.73064 -218603
1.5708 3.92699 -218604
1.5708 4.12334 -218606
1.5708 4.31969 -218609
1.5708 4.51604 -218611
1.5708 4.71239 -218614
1.5708 4.90874 -218617
1.5708 5.10509 -218620
1.5708 5.30144 -218623
1.5708 5.49779 -218626
1.5708 5.69414 -218628
1.5708 5.89049 -218630
1.5708 6.08684 -218632
1.5708 6.28319 -218632
1.76715 0 -214828
1.76715 0.19635 -214820
1.76715 0.392699 -214811
1.76715 0.589049 -214802
1.76715 0.785398 -214793
1.76715 0.981748 -214784
1.76715 1.1781 -214775
1.76715 1.37445 -214767
1.76715 1.5708 -214759
1.76715 1.76715 -214751
1.76715 1.9635 -214745
1.76715 2.15984 -214739
1.76715 2.35619 -214734
1.76715 2.55254 -214730
1.76715 2.74889 -214727
1.76715 2.94524 -214726
1.76715 3.14159 -214725
1.76715 3.33794 -214725
1.76715 3.53429 -214727
1.76715 3.73064 -214729
1.76715 3.92699 -214733
1.76715 4.12334 -214737
1.76715 4.31969 -214743
1.76715 4.51604 -214749
1.76715 4.71239 -214757
1.76715 4.90874 -214765
1.76715 5.10509 -214773
1.76715 5.30144 -214782
1.76715 5.49779 -214791
1.76715 5.69414 -214801
1.76715 5.89049 -214810
1.76715 6.08684 -214819
1.76715 6.28319 -214828
1.9635 0 -205226
1.9635 0.19635 -205194
1.9635 0.392699 -205164
1.9635 0.589049 -205134
1.9635 0.785398 -205106
1.9635 0.981748 -205079
1.9635 1.1781 -205054
1.9635 1.37445 -205031
1.9635 1.5708 -205010
1.9635 1.76715 -204991
1.9635 1.9635 -204975
1.9635 2.15984 -204961
1.9635 2.35619 -204949
1.9635 2.55254 -204940
1.9635 2.74889 -204933
1.9635 2.94524 -204929
1.9635 3.14159 -204927
1.9635 3.33794 -204928
1.9635 3.53429 -204932
1.9635 3.73064 -204938
1.9635 3.92699 -204946
1.9635 4.12334 -204958
1.9635 4.31969 -204971
1.9635 4.51604 -204988
1.9635 4.71239 -205006
1.9635 4.90874 -205027
1.9635 5.10509 -205050
1.9635 5.30144 -205075
1.9635 5.49779 -205103
1.9635 5.69414 -205131
1.9635 5.89049 -205162
1.9635 6.08684 -205193
1.9635 6.28319 -205226
2.15984 0 -192489
2.15984 0.19635 -192423
2.15984 0.392699 -192361
2.15984 0.589049 -192303
2.15984 0.785398 -192248
2.15984 0.981748 -192199
2.15984 1.1781 -192153
2.15984 1.37445 -192112
2.15984 1.5708 -192075
2.15984 1.76715 -192043
2.15984 1.9635 -192014
2.15984 2.15984 -191991
2.15984 2.35619 -191971
2.15984 2.55254 -191956
2.15984 2.74889 -191945
2.15984 2.94524 -191938
2.15984 3.14159 -191935
2.15984 3.33794 -191937
2.15984 3.53429 -191943
2.15984 3.73064 -191953
2.15984 3.92699 -191967
2.15984 4.12334 -191986
2.15984 4.31969 -192010
2.15984 4.51604 -192037
2.15984 4.71239 -192069
2.15984 4.90874 -192106
2.15984 5.10509 -192147
2.15984 5.30144 -192193
2.15984 5.49779 -192243
2.15984 5.69414 -192298
2.15984 5.89049 -192358
2.15984 6.08684 -192421
2.15984 6.28319 -192489
2.35619 0 -177642
2.35619 0.19635 -177537
2.35619 0.392699 -177441
2.35619 0.589049 -177353
2.35619 0.785398 -177274
2.35619 0.981748 -177202
2.35619 1.1781 -177138
2.35619 1.37445 -177082
2.35619 1.5708 -177032
2.35619 1.76715 -176988
2.35619 1.9635 -176951
2.35619 2.15984 -176920
2.35619 2.35619 -176894
2.35619 2.55254 -176875
2.35619 2.74889 -176860
2.35619 2.94524 -176852
2.35619 3.14159 -176849
2.35619 3.33794 -176851
2.35619 3.53429 -176858
2.35619 3.73064 -176872
2.35619 3.92699 -176890
2.35619 4.12334 -176915
2.35619 4.31969 -176946
2.35619 4.51604 -176982
2.35619 4.71239 -177025
2.35619 4.90874 -177075
2.35619 5.10509 -177132
2.35619 5.30144 -177196
2.35619 5.49779 -177268
2.35619 5.69414 -177348
2.35619 5.89049 -177437
2.35619 6.08684 -177535
2.35619 6.28319 -177642
2.55254 0 -160094
2.55254 0.19635 -159955
2.55254 0.392699 -159831
2.55254 0.589049 -159721
2.55254 0.785398 -159624
2.55254 0.981748 -159538
2.55254 1.1781 -159462
2.55254 1.37445 -159396
2.55254 1.5708 -159338
2.55254 1.76715 -159289
2.55254 1.9635 -159247
2.55254 2.15984 -159212
2.55254 2.35619 -159184
2.55254 2.55254 -159162
2.55254 2.74889 -159146
2.55254 2.94524 -159137
2.55254 3.14159 -159134
2.55254 3.33794 -159136
2.55254 3.53429 -159145
2.55254 3.73064 -159159
2.55254 3.92699 -159180
2.55254 4.12334 -159207
2.55254 4.31969 -159242
2.55254 4.51604 -159283
2.55254 4.71239 -159332
2.55254 4.90874 -159389
2.55254 5.10509 -159456
2.55254 5.30144 -159531
2.55254 5.49779 -159618
2.55254 5.69414 -159716
2.55254 5.89049 -159827
2.55254 6.08684 -159953
2.55254 6.28319 -160094
2.74889 0 -137394
2.74889 0.19635 -137238
2.74889 0.392699 -137102
2.74889 0.589049 -136984
2.74889 0.785398 -136882
2.74889 0.981748 -136792
2.74889 1.1781 -136715
2.74889 1.37445 -136647
2.74889 1.5708 -136589
2.74889 1.76715 -136540
2.74889 1.9635 -136498
2.74889 2.15984 -136464
2.74889 2.35619 -136436
2.74889 2.55254 -136415
2.74889 2.74889 -136400
2.74889 2.94524 -136391
2.74889 3.14159 -136387
2.74889 3.33794 -136390
2.74889 3.53429 -136398
2.74889 3.73064 -136412
2.74889 3.92699 -136433
2.74889 4.12334 -136460
2.74889 4.31969 -136494
2.74889 4.51604 -136535
2.74889 4.71239 -136584
2.74889 4.90874 -136642
2.74889 5.10509 -136709
2.74889 5.30144 -136787
2.74889 5.49779 -136877
2.74889 5.69414 -136980
2.74889 5.89049 -137099
2.74889 6.08684 -137236
2.74889 6.28319 -137394
2.94524 0 -101792
2.94524 0.19635 -101658
2.94524 0.392699 -101542
2.94524 0.589049 -101441
2.94524 0.785398 -101354
2.94524 0.981748 -101279
2.94524 1.1781 -101214
2.94524 1.37445 -101158
2.94524 1.5708 -101110
2.94524 1.76715 -101069
2.94524 1.9635 -101035
2.94524 2.15984 -101007
2.94524 2.35619 -100984
2.94524 2.55254 -100967
2.94524 2.74889 -100955
2.94524 2.94524 -100947
2.94524 3.14159 -100945
2.94524 3.33794 -100947
2.94524 3.53429 -100954
2.94524 3.73064 -100965
2.94524 3.92699 -100982
2.94524 4.12334 -101004
2.94524 4.31969 -101032
2.94524 4.51604 -101066
2.94524 4.71239 -101106
2.94524 4.90874 -101154
2.94524 5.10509 -101210
2.94524 5.30144 -101275
2.94524 5.49779 -101351
2.94524 5.69414 -101438
2.94524 5.89049 -101539
2.94524 6.08684 -101656
2.94524 6.28319 -101792
3.14158 0 0
3.14158 0.19635 0
3.14158 0.392699 0
3.14158 0.589049 0
3.14158 0.785398 0
3.14158 0.981748 0
3.14158 1.1781 0
3.14158 1.37445 0
3.14158 1.5708 0
3.14158 1.76715 0
3.14158 1.9635 0
3.14158 2.15984 0
3.14158 2.35619 0
3.14158 2.55254 0
3.14158 2.74889 0
3.14158 2.94524 0
3.14158 3.14159 0
3.14158 3.33794 0
3.14158 3.53429 0
3.14158 3.73064 0
3.14158 3.92699 0
3.14158 4.12334 0
3.14158 4.31969 0
3.14158 4.51604 0
3.14158 4.71239 0
3.14158 4.90874 0
3.14158 5.10509 0
3.14158 5.30144 0
3.14158 5.49779 0
3.14158 5.69414 0
3.14158 5.89049 0
3.14158 6.08684 0
3.14158 6.28319 0
