1e-05 0 0 0
1e-05 0.19635 0 0
1e-05 0.392699 0 0
1e-05 0.589049 0 0
1e-05 0.785398 0 0
1e-05 0.981748 0 0
1e-05 1.1781 0 0
1e-05 1.37445 0 0
1e-05 1.5708 0 0
1e-05 1.76715 0 0
1e-05 1.9635 0 0
1e-05 2.15984 0 0
1e-05 2.35619 0 0
1e-05 2.55254 0 0
1e-05 2.74889 0 0
1e-05 2.94524 0 0
1e-05 3.14159 0 0
1e-05 3.33794 0 0
1e-05 3.53429 0 0
1e-05 3.73064 0 0
1e-05 3.92699 0 0
1e-05 4.12334 0 0
1e-05 4.31969 0 0
1e-05 4.51604 0 0
1e-05 4.71239 0 0
1e-05 4.90874 0 0
1e-05 5.10509 0 0
1e-05 5.30144 0 0
1e-05 5.49779 0 0
1e-05 5.69414 0 0
1e-05 5.89049 0 0
1e-05 6.08684 0 0
1e-05 6.28319 0 0
0.19635 0 0 0
0.19635 0.19635 0.0547968 -0.000511346
0.19635 0.392699 0.0547427 -0.000225727
0.19635 0.589049 0.0546956 -0.000134679
0.19635 0.785398 0.0546546 -9.16296e-05
0.19635 0.981748 0.0546189 -6.7392e-05
0.19635 1.1781 0.0545879 -5.23179e-05
0.19635 1.37445 0.054561 -4.23259e-05
0.19635 1.5708 0.0545379 -3.5412e-05
0.19635 1.76715 0.0545181 -3.04892e-05
0.19635 1.9635 0.0545015 -2.69256e-05
0.19635 2.15984 0.0544878 -2.43365e-05
0.19635 2.35619 0.0544767 -2.24838e-05
0.19635 2.55254 0.0544682 -2.1228e-05
0.19635 2.74889 0.0544622 -2.05274e-05
0.19635 2.94524 0.0544585 -2.0627e-05
0.19635 3.14159 0.0544572 -0.0915925
0.19635 3.33794 0.0544582 -1.81599e-05
0.19635 3.53429 0.0544615 -1.93067e-05
0.19635 3.73064 0.0544672 -2.04301e-05
0.19635 3.92699 0.0544754 -2.19049e-05
0.19635 4.12334 0.0544862 -2.38978e-05
0.19635 4.31969 0.0544997 -2.65914e-05
0.19635 4.51604 0.0545161 -3.02442e-05
0.19635 4.71239 0.0545357 -3.52538e-05
0.19635 4.90874 0.0545588 -4.22632e-05
0.19635 5.10509 0.0545856 -5.23736e-05
0.19635 5.30144 0.0546167 -6.76111e-05
0.19635 5.49779 0.0546526 -9.20993e-05
0.19635 5.69414 0.0546939 -0.000135584
0.19635 5.89049 0.0547414 -0.000227544
0.19635 6.08684 0.0547961 -0.000516006
0.19635 6.28319 0 0
0.392699 0 0 0
0.392699 0.19635 0.0232768 -0.00059682
0.392699 0.392699 0.0232736 -0.000264395
0.392699 0.589049 0.0232699 -0.000158543
0.392699 0.785398 0.0232657 -0.000108485
0.392699 0.981748 0.0232614 -8.02646e-05
0.392699 1.1781 0.0232572 -6.26753e-05
0.392699 1.37445 0.0232531 -5.09854e-05
0.392699 1.5708 0.0232493 -4.28739e-05
0.392699 1.76715 0.0232458 -3.70829e-05
0.392699 1.9635 0.0232426 -3.28815e-05
0.392699 2.15984 0.0232399 -2.9825e-05
0.392699 2.35619 0.0232377 -2.76395e-05
0.392699 2.55254 0.0232359 -2.6168e-05
0.392699 2.74889 0.0232346 -2.53764e-05
0.392699 2.94524 0.0232338 -2.56224e-05
0.392699 3.14159 0.0232335 -0.128005
0.392699 3.33794 0.0232336 -2.21726e-05
0.392699 3.53429 0.0232343 -2.36668e-05
0.392699 3.73064 0.0232355 -2.50473e-05
0.392699 3.92699 0.0232371 -2.68228e-05
0.392699 4.12334 0.0232393 -2.92018e-05
0.392699 4.31969 0.0232418 -3.24014e-05
0.392699 4.51604 0.0232449 -3.67242e-05
0.392699 4.71239 0.0232483 -4.26325e-05
0.392699 4.90874 0.0232521 -5.08731e-05
0.392699 5.10509 0.0232562 -6.27241e-05
0.392699 5.30144 0.0232604 -8.05385e-05
0.392699 5.49779 0.0232648 -0.000109112
0.392699 5.69414 0.023269 -0.000159796
0.392699 5.89049 0.023273 -0.000266998
0.392699 6.08684 0.0232764 -0.000603768
0.392699 6.28319 0 0
0.589049 0 0 0
0.589049 0.19635 0.0160904 -0.000538558
0.589049 0.392699 0.0161061 -0.000243896
0.589049 0.589049 0.0161182 -0.00014898
0.589049 0.785398 0.0161276 -0.000103555
0.589049 0.981748 0.0161347 -7.76517e-05
0.589049 1.1781 0.0161402 -6.13382e-05
0.589049 1.37445 0.0161444 -5.03949e-05
0.589049 1.5708 0.0161476 -4.27399e-05
0.589049 1.76715 0.0161499 -3.72373e-05
0.589049 1.9635 0.0161517 -3.32236e-05
0.589049 2.15984 0.016153 -3.02932e-05
0.589049 2.35619 0.0161539 -2.81971e-05
0.589049 2.55254 0.0161546 -2.67963e-05
0.589049 2.74889 0.016155 -2.60788e-05
0.589049 2.94524 0.0161552 -2.64723e-05
0.589049 3.14159 0.0161552 -0.147382
0.589049 3.33794 0.0161551 -2.25007e-05
0.589049 3.53429 0.0161548 -2.41111e-05
0.589049 3.73064 0.0161544 -2.55072e-05
0.589049 3.92699 0.0161537 -2.72583e-05
0.589049 4.12334 0.0161527 -2.95778e-05
0.589049 4.31969 0.0161514 -3.26735e-05
0.589049 4.51604 0.0161496 -3.68275e-05
0.589049 4.71239 0.0161472 -4.24658e-05
0.589049 4.90874 0.016144 -5.02703e-05
0.589049 5.10509 0.0161399 -6.13998e-05
0.589049 5.30144 0.0161344 -7.79733e-05
0.589049 5.49779 0.0161273 -0.000104282
0.589049 5.69414 0.016118 -0.000150426
0.589049 5.89049 0.0161059 -0.000246882
0.589049 6.08684 0.0160903 -0.000546466
0.589049 6.28319 0 0
0.785398 0 0 0
0.785398 0.19635 0.0129636 -0.000411497
0.785398 0.392699 0.0129882 -0.000191615
0.785398 0.589049 0.0130089 -0.000119925
0.785398 0.785398 0.0130261 -8.51436e-05
0.785398 0.981748 0.0130406 -6.50353e-05
0.785398 1.1781 0.0130526 -5.2203e-05
0.785398 1.37445 0.0130626 -4.349e-05
0.785398 1.5708 0.0130709 -3.73287e-05
0.785398 1.76715 0.0130776 -3.28589e-05
0.785398 1.9635 0.0130832 -2.95744e-05
0.785398 2.15984 0.0130876 -2.71653e-05
0.785398 2.35619 0.013091 -2.5442e-05
0.785398 2.55254 0.0130936 -2.43045e-05
0.785398 2.74889 0.0130954 -2.37681e-05
0.785398 2.94524 0.0130965 -2.42923e-05
0.785398 3.14159 0.0130968 -0.152323
0.785398 3.33794 0.0130965 -2.01897e-05
0.785398 3.53429 0.0130954 -2.1739e-05
0.785398 3.73064 0.0130937 -2.29791e-05
0.785398 3.92699 0.0130911 -2.44812e-05
0.785398 4.12334 0.0130877 -2.64381e-05
0.785398 4.31969 0.0130833 -2.9021e-05
0.785398 4.51604 0.0130778 -3.24534e-05
0.785398 4.71239 0.0130711 -3.70666e-05
0.785398 4.90874 0.0130628 -4.33853e-05
0.785398 5.10509 0.0130529 -5.2293e-05
0.785398 5.30144 0.0130409 -6.53935e-05
0.785398 5.49779 0.0130264 -8.59142e-05
0.785398 5.69414 0.0130092 -0.000121415
0.785398 5.89049 0.0129885 -0.000194623
0.785398 6.08684 0.0129638 -0.000419281
0.785398 6.28319 0 0
0.981748 0 0 0
0.981748 0.19635 0.0110429 -0.000262092
0.981748 0.392699 0.011069 -0.00012566
0.981748 0.589049 0.0110922 -8.07565e-05
0.981748 0.785398 0.0111126 -5.8722e-05
0.981748 0.981748 0.0111305 -4.5826e-05
0.981748 1.1781 0.0111461 -3.74947e-05
0.981748 1.37445 0.0111595 -3.17709e-05
0.981748 1.5708 0.0111711 -2.76799e-05
0.981748 1.76715 0.011181 -2.46844e-05
0.981748 1.9635 0.0111892 -2.24678e-05
0.981748 2.15984 0.011196 -2.08362e-05
0.981748 2.35619 0.0112014 -1.96732e-05
0.981748 2.55254 0.0112056 -1.89244e-05
0.981748 2.74889 0.0112085 -1.86273e-05
0.981748 2.94524 0.0112103 -1.92157e-05
0.981748 3.14159 0.0112109 -0.13886
0.981748 3.33794 0.0112104 -1.54793e-05
0.981748 3.53429 0.0112088 -1.67849e-05
0.981748 3.73064 0.011206 -1.77272e-05
0.981748 3.92699 0.0112019 -1.88124e-05
0.981748 4.12334 0.0111966 -2.01923e-05
0.981748 4.31969 0.01119 -2.19864e-05
0.981748 4.51604 0.0111818 -2.4342e-05
0.981748 4.71239 0.011172 -2.74718e-05
0.981748 4.90874 0.0111605 -3.17092e-05
0.981748 5.10509 0.0111471 -3.76112e-05
0.981748 5.30144 0.0111315 -4.61836e-05
0.981748 5.49779 0.0111136 -5.94422e-05
0.981748 5.69414 0.011093 -8.20965e-05
0.981748 5.89049 0.0110697 -0.000128282
0.981748 6.08684 0.0110432 -0.000268684
0.981748 6.28319 0 0
1.1781 0 0 0
1.1781 0.19635 0.00894232 -0.000126505
1.1781 0.392699 0.00896368 -6.26771e-05
1.1781 0.589049 0.00898335 -4.15038e-05
1.1781 0.785398 0.00900132 -3.10124e-05
1.1781 0.981748 0.00901763 -2.48063e-05
1.1781 1.1781 0.0090323 -2.07532e-05
1.1781 1.37445 0.00904538 -1.79395e-05
1.1781 1.5708 0.00905693 -1.59093e-05
1.1781 1.76715 0.00906699 -1.44114e-05
1.1781 1.9635 0.0090756 -1.32976e-05
1.1781 2.15984 0.00908283 -1.24781e-05
1.1781 2.35619 0.0090887 -1.19014e-05
1.1781 2.55254 0.00909326 -1.15498e-05
1.1781 2.74889 0.00909653 -1.14658e-05
1.1781 2.94524 0.00909853 -1.19786e-05
1.1781 3.14159 0.00909927 -0.102489
1.1781 3.33794 0.00909875 -9.22475e-06
1.1781 3.53429 0.00909698 -1.01138e-05
1.1781 3.73064 0.00909392 -1.06782e-05
1.1781 3.92699 0.00908957 -1.1282e-05
1.1781 4.12334 0.00908388 -1.20228e-05
1.1781 4.31969 0.00907681 -1.29661e-05
1.1781 4.51604 0.00906833 -1.41859e-05
1.1781 4.71239 0.00905838 -1.57859e-05
1.1781 4.90874 0.0090469 -1.79258e-05
1.1781 5.10509 0.00903383 -2.08703e-05
1.1781 5.30144 0.00901911 -2.50959e-05
1.1781 5.49779 0.00900269 -3.15547e-05
1.1781 5.69414 0.00898453 -4.24672e-05
1.1781 5.89049 0.00896457 -6.44918e-05
1.1781 6.08684 0.00894283 -0.000130911
1.1781 6.28319 0 0
1.37445 0 0 0
1.37445 0.19635 0.00536506 -3.45629e-05
1.37445 0.392699 0.00537681 -1.84555e-05
1.37445 0.589049 0.00538789 -1.30063e-05
1.37445 0.785398 0.00539826 -1.02437e-05
1.37445 0.981748 0.00540788 -8.57052e-06
1.37445 1.1781 0.00541671 -7.45272e-06
1.37445 1.37445 0.00542474 -6.66058e-06
1.37445 1.5708 0.00543195 -6.07902e-06
1.37445 1.76715 0.00543832 -5.64437e-06
1.37445 1.9635 0.00544387 -5.31932e-06
1.37445 2.15984 0.00544857 -5.08188e-06
1.37445 2.35619 0.00545244 -4.92125e-06
1.37445 2.55254 0.00545547 -4.83883e-06
1.37445 2.74889 0.00545766 -4.86396e-06
1.37445 2.94524 0.00545901 -5.17427e-06
1.37445 3.14159 0.00545953 -0.0539013
1.37445 3.33794 0.0054592 -3.72912e-06
1.37445 3.53429 0.00545804 -4.15925e-06
1.37445 3.73064 0.00545603 -4.38985e-06
1.37445 3.92699 0.00545317 -4.60803e-06
1.37445 4.12334 0.00544945 -4.85793e-06
1.37445 4.31969 0.00544488 -5.16328e-06
1.37445 4.51604 0.00543944 -5.54658e-06
1.37445 4.71239 0.00543314 -6.03675e-06
1.37445 4.90874 0.00542597 -6.67674e-06
1.37445 5.10509 0.00541794 -7.53647e-06
1.37445 5.30144 0.00540905 -8.7402e-06
1.37445 5.49779 0.00539934 -1.05344e-05
1.37445 5.69414 0.0053888 -1.34911e-05
1.37445 5.89049 0.00537749 -1.93195e-05
1.37445 6.08684 0.00536544 -3.65491e-05
1.37445 6.28319 0 0
1.5708 0 0 0
1.5708 0.19635 -1.32765e-07 -3.0359e-06
1.5708 0.392699 -1.32989e-07 -3.01975e-06
1.5708 0.589049 -1.33188e-07 -2.8868e-06
1.5708 0.785398 -1.33364e-07 -2.7466e-06
1.5708 0.981748 -1.3352e-07 -2.61769e-06
1.5708 1.1781 -1.33657e-07 -2.5042e-06
1.5708 1.37445 -1.33778e-07 -2.40668e-06
1.5708 1.5708 -1.33882e-07 -2.3247e-06
1.5708 1.76715 -1.33973e-07 -2.25774e-06
1.5708 1.9635 -1.34049e-07 -2.2056e-06
1.5708 2.15984 -1.34113e-07 -2.16885e-06
1.5708 2.35619 -1.34165e-07 -2.14968e-06
1.5708 2.55254 -1.34205e-07 -2.15429e-06
1.5708 2.74889 -1.34233e-07 -2.20258e-06
1.5708 2.94524 -1.3425e-07 -2.39592e-06
1.5708 3.14159 -1.34257e-07 -0.0300826
1.5708 3.33794 -1.34252e-07 -1.59132e-06
1.5708 3.53429 -1.34236e-07 -1.81321e-06
1.5708 3.73064 -1.34209e-07 -1.90959e-06
1.5708 3.92699 -1.3417e-07 -1.98265e-06
1.5708 4.12334 -1.3412e-07 -2.05348e-06
1.5708 4.31969 -1.34057e-07 -2.12985e-06
1.5708 4.51604 -1.33981e-07 -2.21598e-06
1.5708 4.71239 -1.33892e-07 -2.31503e-06
1.5708 4.90874 -1.33788e-07 -2.43003e-06
1.5708 5.10509 -1.33668e-07 -2.56448e-06
1.5708 5.30144 -1.33531e-07 -2.72292e-06
1.5708 5.49779 -1.33375e-07 -2.91206e-06
1.5708 5.69414 -1.33198e-07 -3.14375e-06
1.5708 5.89049 -1.32997e-07 -3.44623e-06
1.5708 6.08684 -1.3277e-07 -3.94166e-06
1.5708 6.28319 0 0
1.76715 0 0 0
1.76715 0.19635 -0.00536528 -3.45653e-05
1.76715 0.392699 -0.00537702 -1.84567e-05
1.76715 0.589049 -0.00538811 -1.30069e-05
1.76715 0.785398 -0.00539848 -1.02442e-05
1.76715 0.981748 -0.0054081 -8.57087e-06
1.76715 1.1781 -0.00541693 -7.453e-06
1.76715 1.37445 -0.00542496 -6.66081e-06
1.76715 1.5708 -0.00543217 -6.07922e-06
1.76715 1.76715 -0.00543854 -5.64454e-06
1.76715 1.9635 -0.00544409 -5.31947e-06
1.76715 2.15984 -0.00544879 -5.08202e-06
1.76715 2.35619 -0.00545266 -4.92138e-06
1.76715 2.55254 -0.00545569 -4.83895e-06
1.76715 2.74889 -0.00545788 -4.86407e-06
1.76715 2.94524 -0.00545923 -5.17439e-06
1.76715 3.14159 -0.00545975 -0.0539018
1.76715 3.33794 -0.00545942 -3.72922e-06
1.76715 3.53429 -0.00545826 -4.15936e-06
1.76715 3.73064 -0.00545625 -4.38997e-06
1.76715 3.92699 -0.00545339 -4.60816e-06
1.76715 4.12334 -0.00544967 -4.85807e-06
1.76715 4.31969 -0.0054451 -5.16343e-06
1.76715 4.51604 -0.00543966 -5.54675e-06
1.76715 4.71239 -0.00543336 -6.03695e-06
1.76715 4.90874 -0.00542619 -6.67697e-06
1.76715 5.10509 -0.00541816 -7.53675e-06
1.76715 5.30144 -0.00540927 -8.74055e-06
1.76715 5.49779 -0.00539955 -1.05349e-05
1.76715 5.69414 -0.00538902 -1.34918e-05
1.76715 5.89049 -0.00537771 -1.93206e-05
1.76715 6.08684 -0.00536566 -3.65516e-05
1.76715 6.28319 0 0
1.9635 0 0 0
1.9635 0.19635 -0.0089425 -0.000126505
1.9635 0.392699 -0.00896386 -6.26774e-05
1.9635 0.589049 -0.00898353 -4.1504e-05
1.9635 0.785398 -0.0090015 -3.10125e-05
1.9635 0.981748 -0.00901781 -2.48065e-05
1.9635 1.1781 -0.00903248 -2.07533e-05
1.9635 1.37445 -0.00904557 -1.79395e-05
1.9635 1.5708 -0.00905711 -1.59094e-05
1.9635 1.76715 -0.00906717 -1.44114e-05
1.9635 1.9635 -0.00907579 -1.32976e-05
1.9635 2.15984 -0.00908301 -1.24782e-05
1.9635 2.35619 -0.00908889 -1.19015e-05
1.9635 2.55254 -0.00909345 -1.15499e-05
1.9635 2.74889 -0.00909671 -1.14658e-05
1.9635 2.94524 -0.00909871 -1.19786e-05
1.9635 3.14159 -0.00909945 -0.102487
1.9635 3.33794 -0.00909894 -9.22483e-06
1.9635 3.53429 -0.00909716 -1.01139e-05
1.9635 3.73064 -0.00909411 -1.06783e-05
1.9635 3.92699 -0.00908975 -1.12821e-05
1.9635 4.12334 -0.00908406 -1.20229e-05
1.9635 4.31969 -0.009077 -1.29661e-05
1.9635 4.51604 -0.00906852 -1.4186e-05
1.9635 4.71239 -0.00905856 -1.5786e-05
1.9635 4.90874 -0.00904708 -1.79258e-05
1.9635 5.10509 -0.00903401 -2.08704e-05
1.9635 5.30144 -0.0090193 -2.5096e-05
1.9635 5.49779 -0.00900288 -3.15548e-05
1.9635 5.69414 -0.00898471 -4.24673e-05
1.9635 5.89049 -0.00896476 -6.4492e-05
1.9635 6.08684 -0.00894301 -0.000130911
1.9635 6.28319 0 0
2.15984 0 0 0
2.15984 0.19635 -0.0110431 -0.00026209
2.15984 0.392699 -0.0110693 -0.000125659
2.15984 0.589049 -0.0110924 -8.07562e-05
2.15984 0.785398 -0.0111128 -5.87218e-05
2.15984 0.981748 -0.0111307 -4.5826e-05
2.15984 1.1781 -0.0111463 -3.74948e-05
2.15984 1.37445 -0.0111598 -3.1771e-05
2.15984 1.5708 -0.0111713 -2.768e-05
2.15984 1.76715 -0.0111812 -2.46845e-05
2.15984 1.9635 -0.0111894 -2.24679e-05
2.15984 2.15984 -0.0111962 -2.08363e-05
2.15984 2.35619 -0.0112016 -1.96733e-05
2.15984 2.55254 -0.0112058 -1.89245e-05
2.15984 2.74889 -0.0112087 -1.86274e-05
2.15984 2.94524 -0.0112105 -1.92158e-05
2.15984 3.14159 -0.0112111 -0.138858
2.15984 3.33794 -0.0112106 -1.54794e-05
2.15984 3.53429 -0.011209 -1.6785e-05
2.15984 3.73064 -0.0112062 -1.77273e-05
2.15984 3.92699 -0.0112022 -1.88125e-05
2.15984 4.12334 -0.0111969 -2.01924e-05
2.15984 4.31969 -0.0111902 -2.19865e-05
2.15984 4.51604 -0.011182 -2.43421e-05
2.15984 4.71239 -0.0111723 -2.74719e-05
2.15984 4.90874 -0.0111607 -3.17093e-05
2.15984 5.10509 -0.0111473 -3.76113e-05
2.15984 5.30144 -0.0111317 -4.61836e-05
2.15984 5.49779 -0.0111138 -5.94421e-05
2.15984 5.69414 -0.0110933 -8.20961e-05
2.15984 5.89049 -0.0110699 -0.000128281
2.15984 6.08684 -0.0110435 -0.000268681
2.15984 6.28319 0 0
2.35619 0 0 0
2.35619 0.19635 -0.0129638 -0.000411502
2.35619 0.392699 -0.0129884 -0.000191618
2.35619 0.589049 -0.0130091 -0.000119926
2.35619 0.785398 -0.0130263 -8.51445e-05
2.35619 0.981748 -0.0130408 -6.5036e-05
2.35619 1.1781 -0.0130528 -5.22036e-05
2.35619 1.37445 -0.0130628 -4.34904e-05
2.35619 1.5708 -0.0130711 -3.73291e-05
2.35619 1.76715 -0.0130779 -3.28592e-05
2.35619 1.9635 -0.0130834 -2.95747e-05
2.35619 2.15984 -0.0130878 -2.71656e-05
2.35619 2.35619 -0.0130912 -2.54422e-05
2.35619 2.55254 -0.0130938 -2.43048e-05
2.35619 2.74889 -0.0130956 -2.37683e-05
2.35619 2.94524 -0.0130967 -2.42925e-05
2.35619 3.14159 -0.013097 -0.152322
2.35619 3.33794 -0.0130967 -2.01899e-05
2.35619 3.53429 -0.0130957 -2.17392e-05
2.35619 3.73064 -0.0130939 -2.29793e-05
2.35619 3.92699 -0.0130913 -2.44815e-05
2.35619 4.12334 -0.0130879 -2.64383e-05
2.35619 4.31969 -0.0130835 -2.90213e-05
2.35619 4.51604 -0.0130781 -3.24538e-05
2.35619 4.71239 -0.0130713 -3.7067e-05
2.35619 4.90874 -0.0130631 -4.33857e-05
2.35619 5.10509 -0.0130531 -5.22935e-05
2.35619 5.30144 -0.0130411 -6.53942e-05
2.35619 5.49779 -0.0130267 -8.59151e-05
2.35619 5.69414 -0.0130094 -0.000121416
2.35619 5.89049 -0.0129887 -0.000194625
2.35619 6.08684 -0.012964 -0.000419287
2.35619 6.28319 0 0
2.55254 0 0 0
2.55254 0.19635 -0.0160905 -0.000538566
2.55254 0.392699 -0.0161063 -0.0002439
2.55254 0.589049 -0.0161184 -0.000148982
2.55254 0.785398 -0.0161277 -0.000103556
2.55254 0.981748 -0.0161349 -7.76527e-05
2.55254 1.1781 -0.0161404 -6.13389e-05
2.55254 1.37445 -0.0161446 -5.03956e-05
2.55254 1.5708 -0.0161478 -4.27404e-05
2.55254 1.76715 -0.0161501 -3.72377e-05
2.55254 1.9635 -0.0161519 -3.32239e-05
2.55254 2.15984 -0.0161532 -3.02935e-05
2.55254 2.35619 -0.0161541 -2.81974e-05
2.55254 2.55254 -0.0161547 -2.67966e-05
2.55254 2.74889 -0.0161551 -2.6079e-05
2.55254 2.94524 -0.0161554 -2.64726e-05
2.55254 3.14159 -0.0161554 -0.147383
2.55254 3.33794 -0.0161553 -2.2501e-05
2.55254 3.53429 -0.016155 -2.41113e-05
2.55254 3.73064 -0.0161546 -2.55075e-05
2.55254 3.92699 -0.0161539 -2.72586e-05
2.55254 4.12334 -0.0161529 -2.95781e-05
2.55254 4.31969 -0.0161516 -3.26739e-05
2.55254 4.51604 -0.0161498 -3.68279e-05
2.55254 4.71239 -0.0161474 -4.24663e-05
2.55254 4.90874 -0.0161442 -5.02709e-05
2.55254 5.10509 -0.01614 -6.14006e-05
2.55254 5.30144 -0.0161346 -7.79743e-05
2.55254 5.49779 -0.0161274 -0.000104283
2.55254 5.69414 -0.0161182 -0.000150428
2.55254 5.89049 -0.0161061 -0.000246886
2.55254 6.08684 -0.0160905 -0.000546474
2.55254 6.28319 0 0
2.74889 0 0 0
2.74889 0.19635 -0.0232769 -0.000596829
2.74889 0.392699 -0.0232738 -0.000264399
2.74889 0.589049 -0.02327 -0.000158545
2.74889 0.785398 -0.0232658 -0.000108487
2.74889 0.981748 -0.0232615 -8.02656e-05
2.74889 1.1781 -0.0232573 -6.26761e-05
2.74889 1.37445 -0.0232532 -5.0986e-05
2.74889 1.5708 -0.0232494 -4.28744e-05
2.74889 1.76715 -0.0232459 -3.70833e-05
2.74889 1.9635 -0.0232428 -3.28818e-05
2.74889 2.15984 -0.0232401 -2.98253e-05
2.74889 2.35619 -0.0232378 -2.76398e-05
2.74889 2.55254 -0.023236 -2.61682e-05
2.74889 2.74889 -0.0232347 -2.53767e-05
2.74889 2.94524 -0.0232339 -2.56226e-05
2.74889 3.14159 -0.0232336 -0.128006
2.74889 3.33794 -0.0232337 -2.21728e-05
2.74889 3.53429 -0.0232344 -2.3667e-05
2.74889 3.73064 -0.0232356 -2.50475e-05
2.74889 3.92699 -0.0232372 -2.68231e-05
2.74889 4.12334 -0.0232394 -2.92021e-05
2.74889 4.31969 -0.023242 -3.24018e-05
2.74889 4.51604 -0.023245 -3.67246e-05
2.74889 4.71239 -0.0232484 -4.26329e-05
2.74889 4.90874 -0.0232522 -5.08737e-05
2.74889 5.10509 -0.0232563 -6.27249e-05
2.74889 5.30144 -0.0232605 -8.05395e-05
2.74889 5.49779 -0.0232649 -0.000109113
2.74889 5.69414 -0.0232692 -0.000159798
2.74889 5.89049 -0.0232731 -0.000267002
2.74889 6.08684 -0.0232766 -0.000603777
2.74889 6.28319 0 0
2.94524 0 0 0
2.94524 0.19635 -0.0547962 -0.000511354
2.94524 0.392699 -0.0547421 -0.00022573
2.94524 0.589049 -0.054695 -0.00013468
2.94524 0.785398 -0.054654 -9.16307e-05
2.94524 0.981748 -0.0546183 -6.73927e-05
2.94524 1.1781 -0.0545873 -5.23184e-05
2.94524 1.37445 -0.0545604 -4.23263e-05
2.94524 1.5708 -0.0545373 -3.54123e-05
2.94524 1.76715 -0.0545175 -3.04894e-05
2.94524 1.9635 -0.0545009 -2.69258e-05
2.94524 2.15984 -0.0544872 -2.43367e-05
2.94524 2.35619 -0.0544761 -2.2484e-05
2.94524 2.55254 -0.0544676 -2.12282e-05
2.94524 2.74889 -0.0544616 -2.05276e-05
2.94524 2.94524 -0.0544579 -2.06271e-05
2.94524 3.14159 -0.0544566 -0.0915938
2.94524 3.33794 -0.0544576 -1.816e-05
2.94524 3.53429 -0.0544609 -1.93068e-05
2.94524 3.73064 -0.0544666 -2.04302e-05
2.94524 3.92699 -0.0544748 -2.1905e-05
2.94524 4.12334 -0.0544856 -2.3898e-05
2.94524 4.31969 -0.0544991 -2.65916e-05
2.94524 4.51604 -0.0545155 -3.02444e-05
2.94524 4.71239 -0.0545351 -3.5254e-05
2.94524 4.90874 -0.0545582 -4.22636e-05
2.94524 5.10509 -0.054585 -5.23741e-05
2.94524 5.30144 -0.0546161 -6.76117e-05
2.94524 5.49779 -0.054652 -9.21004e-05
2.94524 5.69414 -0.0546933 -0.000135586
2.94524 5.89049 -0.0547408 -0.000227547
2.94524 6.08684 -0.0547954 -0.000516015
2.94524 6.28319 0 0
3.14158 0 0 0
3.14158 0.19635 0 0
3.14158 0.392699 0 0
3.14158 0.589049 0 0
3.14158 0.785398 0 0
3.14158 0.981748 0 0
3.14158 1.1781 0 0
3.14158 1.37445 0 0
3.14158 1.5708 0 0
3.14158 1.76715 0 0
3.14158 1.9635 0 0
3.14158 2.15984 0 0
3.14158 2.35619 0 0
3.14158 2.55254 0 0
3.14158 2.74889 0 0
3.14158 2.94524 0 0
3.14158 3.14159 0 0
3.14158 3.33794 0 0
3.14158 3.53429 0 0
3.14158 3.73064 0 0
3.14158 3.92699 0 0
3.14158 4.12334 0 0
3.14158 4.31969 0 0
3.14158 4.51604 0 0
3.14158 4.71239 0 0
3.14158 4.90874 0 0
3.14158 5.10509 0 0
3.14158 5.30144 0 0
3.14158 5.49779 0 0
3.14158 5.69414 0 0
3.14158 5.89049 0 0
3.14158 6.08684 0 0
3.14158 6.28319 0 0
